4.7810
1.8787
3.5284
4.3285
4.3657
2.8481
4.3170
3.3756
2.2497
2.4629
4.9507
3.0127
2.5054
3.4448
4.3658
1.6582
1.6514
2.9807
2.2615
3.5849
3.8870
2.4047
2.7968
5.4805
1.8596
1.5761
1.5393
2.1691
3.9000
3.8002
3.5470
2.9212
2.5455
4.6677
4.1745
3.1140
2.4762
1.5888
2.1170
2.5144
3.1012
5.0811
3.6164
2.6190
2.2155
5.6360
2.8343
4.3462
4.9393
2.9550
3.7763
1.1788
2.6109
3.1625
2.0169
3.0022
3.5217
2.4942
4.6641
4.5072
5.4195
3.4026
2.2568
4.1885
2.9674
3.6190
3.1436
5.2971
2.4297
2.5103
2.3095
2.6272
2.2942
4.7907
4.4644
2.1854
3.1089
3.7965
4.4536
4.2895
1.8168
2.6333
3.0960
3.0168
2.9439
2.2325
4.8028
3.4448
2.2081
2.5356
3.5742
3.1886
3.9852
1.5154
2.6976
3.2435
4.6329
2.6289
3.4608
2.3347
