2.3990
3.0665
1.4925
4.0081
3.5225
3.6232
2.1986
5.8233
1.4237
2.9494
5.6545
1.5339
1.2180
3.5463
4.6115
1.8715
3.1427
1.3081
3.4941
2.9970
2.4083
5.1005
4.5994
1.6173
1.5752
1.6732
1.6311
2.9273
3.2220
1.8906
1.4543
3.5959
2.6647
3.5433
3.3306
3.9034
2.2300
3.4580
2.4042
3.9213
3.7992
1.9858
3.1139
2.4215
2.8445
2.9839
3.7665
2.5763
3.3948
3.0061
5.1447
4.1381
2.4648
6.3272
1.7726
5.2493
3.8866
2.9228
2.9989
4.9378
3.7810
1.6756
4.2282
3.9020
2.5658
2.2828
3.0119
3.5188
5.9314
4.2065
3.4803
3.4296
5.2423
3.7231
3.0810
1.8102
2.7141
5.6171
1.6498
1.4911
2.6171
4.1768
3.1912
2.5259
3.6117
1.6936
4.9922
2.9838
2.5410
4.2737
3.9369
2.2307
3.6167
3.2402
2.5318
4.3883
3.4830
3.6556
4.3070
3.0955
