2.4297
1.8168
2.1170
3.1140
2.9550
3.5470
2.4629
4.1745
2.0169
2.9807
4.3285
4.3170
4.3657
2.5144
1.6514
2.6289
3.1625
2.2155
1.5154
3.9852
2.6190
2.2325
2.9439
2.5054
5.2971
5.0811
3.5742
4.3658
2.1691
1.1788
3.8870
4.8028
4.2895
3.4608
1.5761
5.4805
3.6164
2.2942
3.7763
2.4762
5.6360
2.2497
2.8481
3.0022
2.5455
2.4047
3.0127
3.7965
4.9507
2.9212
2.4942
4.7907
3.1886
2.2568
3.1089
3.9000
2.8343
2.2081
2.3095
3.4026
2.3347
1.8787
4.6329
4.4644
3.0960
2.6109
4.9393
3.5217
3.5284
2.9674
1.8596
3.5849
2.5356
2.2615
4.4536
4.1885
3.4448
1.6582
1.5393
3.8002
3.3756
4.5072
3.0168
4.7810
4.3462
2.6272
4.6641
1.5888
2.6333
3.4448
3.1436
4.6677
3.6190
2.5103
3.1012
5.4195
2.1854
3.2435
2.7968
2.6976
