0.05974454 0.56898767
0.56296184 0.72223975
0.75349805 0.69580732
0.25799329 0.29265657
0.12890727 0.94094686
0.63683864 0.81781066
0.44948947 0.16208598
0.47432243 0.56460217
0.91052561 0.57971138
0.87013401 0.45226827
0.29732077 0.07896737
0.81603083 0.39352818
0.75811451 0.55679370
0.59716413 0.02256227
0.22708068 0.49162063
0.89865235 0.20766538
0.09695449 0.78435469
0.63569539 0.54570760
0.93758215 0.05884227
0.45841679 0.05494356
0.10104802 0.19829872
0.81832050 0.37764676
0.04616349 0.77520194
0.47878243 0.23930340
0.06296425 0.57679003
0.37329483 0.70278041
0.18751941 0.61483029
0.79581302 0.27007707
0.20214678 0.82025496
0.07259802 0.49582262
0.55963678 0.09985023
0.56930379 0.58120920
0.39165887 0.67585805
0.69688725 0.76892639
0.34025005 0.81526590
0.11062230 0.70148325
0.21019366 0.92946965
0.60660629 0.50623396
0.96551189 0.12703128
0.46450320 0.18448410
0.72114335 0.58905365
0.19456208 0.15022326
0.20094637 0.00711119
0.24400477 0.60027758
0.41869287 0.19447571
0.33698703 0.86121516
0.53110610 0.83858819
0.62707613 0.79491381
0.42801203 0.91569225
0.07031631 0.26701398
0.96185548 0.64942138
0.55332697 0.61137350
0.41590225 0.40239703
0.47784033 0.50193212
0.57502810 0.13027108
0.43918372 0.99203767
0.63825659 0.47902949
0.57062545 0.42413861
0.56011752 0.01804360
0.45332343 0.30729688
0.01130912 0.86812162
0.91556860 0.51480133
0.85883761 0.67878600
0.85173383 0.27471866
0.64109185 0.01534722
0.20834427 0.87077424
0.09463474 0.39007496
0.02241361 0.87357086
0.39333246 0.53966702
0.17448372 0.39927407
0.97840888 0.35341504
0.04398334 0.73597587
0.25550347 0.51255225
0.06667048 0.12513817
0.27875920 0.74780846
0.08982601 0.14905060
0.37122128 0.41202648
0.67469940 0.86613623
0.16491831 0.59813643
0.38483385 0.01191252
0.43102346 0.55965637
0.05587506 0.80882763
0.79005307 0.96014102
0.88122693 0.14152660
0.38243932 0.11543683
0.58146616 0.24863659
0.67291928 0.16487451
0.35415582 0.48378326
0.34870800 0.54214143
0.09033000 0.43350641
0.76696819 0.46676432
0.10249556 0.08976291
0.87519384 0.90907216
0.75169134 0.12321406
0.50171091 0.26940053
0.42076037 0.38703853
0.94460902 0.59174144
0.15691742 0.65751301
0.90662083 0.87822167
0.27765747 0.45043173
0.20477547 0.90664131
0.98841868 0.15886711
0.26240286 0.68846378
0.81419362 0.07100312
0.50323971 0.62578196
0.73997801 0.89212249
0.66842043 0.54055553
0.83137180 0.52721868
0.23034979 0.72991322
0.36680922 0.27846360
0.50433262 0.17377469
0.84785172 0.71860041
0.48264525 0.59439726
0.26628066 0.53441720
0.83428756 0.24220358
0.57817374 0.98307443
0.29171020 0.48428620
0.61396653 0.94839981
0.27193849 0.78236779
0.55463842 0.04833785
0.70096416 0.80036430
0.72224136 0.91821062
0.46306689 0.16177784
0.48699611 0.77243594
0.03477581 0.47522859
0.47235869 0.79388159
0.36591273 0.82304292
0.38906959 0.75484291
0.57622306 0.56329927
0.66660457 0.49940357
0.52639928 0.03011862
0.43223095 0.04481274
0.95037072 0.97963294
0.82420822 0.48175554
0.03043819 0.52073419
0.62005366 0.83073795
0.49054057 0.43696193
0.35211168 0.70920374
0.59094822 0.02705136
0.05295318 0.71162717
0.84156374 0.43090007
0.64244712 0.76294073
0.80319352 0.25236379
0.58535447 0.45908992
0.54891836 0.66511937
0.85402993 0.99845657
0.89236753 0.83729130
0.50627360 0.82622255
0.72417756 0.13782600
0.45453295 0.67216862
0.04522955 0.44420859
0.16793216 0.96512397
0.22147687 0.10152005
0.92139238 0.05720475
0.17992655 0.03455442
0.06896908 0.09417043
0.08396509 0.84709735
0.37762510 0.78714519
0.79887497 0.22008621
0.44231432 0.22681907
0.08128124 0.29564421
0.97783974 0.27366416
0.33524096 0.19616586
0.16002949 0.47129244
0.23322576 0.99047844
0.54026278 0.56673784
0.80793941 0.65143822
0.78239009 0.00223220
0.52917677 0.10245178
0.75727474 0.84524499
0.97500108 0.97453558
0.96835446 0.17919782
0.95410175 0.32722337
0.35763679 0.76782015
0.61819101 0.60718831
0.42709428 0.38579237
0.30692276 0.17015380
0.74116075 0.74580034
0.76826701 0.28413827
0.38197119 0.28311719
0.14532202 0.16699097
0.93589818 0.23069940
0.56460730 0.98548738
0.71303393 0.20030589
0.70850579 0.12817768
0.99767197 0.53003062
0.31155250 0.82845126
0.51994597 0.40474169
0.07561434 0.67190075
0.74968653 0.49767681
0.20631847 0.53774786
0.02450950 0.77191744
0.36331839 0.97367865
0.89144682 0.74856882
0.77159433 0.31022959
0.66281907 0.04142250
0.96333980 0.08636935
0.12443843 0.16903308
0.52428473 0.33997408
0.03638028 0.39760929
0.59939015 0.21053057
0.19892112 0.93960901
0.94240988 0.95242670
0.09314868 0.45570125
0.46917486 0.52420777
0.74350269 0.40963811
0.40031873 0.21253406
0.36961236 0.30319735
0.99855260 0.51740448
0.04159641 0.42998910
0.95604923 0.58224728
0.44707186 0.28078595
0.29346875 0.11869225
0.01403489 0.69237261
0.13063459 0.78027022
0.12202101 0.42240829
0.13933715 0.31617824
0.34500600 0.03758753
0.40952289 0.24403006
0.91204667 0.88458903
0.86080796 0.63204520
0.82240596 0.98186574
0.45796214 0.31856062
0.13584231 0.69136348
0.10541972 0.38251713
0.23629652 0.40764033
0.19337663 0.79768949
0.80144294 0.42109828
0.71462970 0.75121679
0.34681897 0.31473272
0.97215660 0.84008676
0.27581282 0.61344024
0.74428226 0.43491926
0.14758109 0.52236196
0.80575107 0.88078303
0.39888367 0.66255530
0.77294919 0.51924210
0.60828566 0.09196777
0.54441199 0.90570978
0.98570872 0.07689347
0.25193856 0.81302923
0.78014099 0.81996400
0.83738787 0.33032319
0.18996409 0.97068250
0.40545501 0.76536673
0.86539880 0.41467050
0.86335257 0.31248606
0.90483674 0.85693812
0.49335313 0.69653297
0.11413751 0.62936866
0.93849332 0.75645253
0.30150043 0.34714097
0.78510827 0.17599169
0.99252245 0.83379909
0.65148351 0.07521435
0.51466969 0.50952947
0.00240165 0.28688673
0.08741432 0.95187793
0.54392047 0.60379215
0.37437805 0.52921783
0.45178824 0.92452170
0.35193209 0.85988089
0.18456808 0.50327186
0.88335438 0.91681436
0.26526977 0.99673484
0.41766524 0.46929299
0.09980866 0.34474989
0.39540664 0.11145010
0.44040101 0.87421387
0.77826528 0.33404912
0.70398933 0.96809603
0.46068276 0.80216583
0.86686101 0.61915360
0.64646914 0.10499799
0.00071931 0.34197802
0.90888659 0.02937839
0.32387767 0.36120957
0.73097561 0.40137514
0.34283334 0.37057910
0.78633460 0.53302654
0.06196950 0.59340727
0.60149964 0.34912732
0.54786362 0.64647104
0.26164700 0.39567096
0.41357710 0.68579442
0.87703895 0.26449595
0.58743270 0.04675692
0.22555652 0.80542671
0.52271264 0.81127586
0.76311843 0.22356992
0.91634404 0.24197793
0.63054301 0.02157329
0.92637990 0.75956395
0.60246943 0.37423633
0.32518597 0.01348022
0.16834947 0.46251687
0.44459747 0.35949748
0.71948694 0.62384051
0.61623192 0.71282142
0.62564588 0.13419112
0.33004178 0.42683388
0.08575786 0.93383983
0.91995735 0.99497501
0.01970543 0.89569643
0.69250628 0.24640727
0.29437675 0.72013336
0.80988187 0.17684312
0.51098943 0.38086225
0.68363421 0.36953170
0.72685649 0.83439519
0.64534388 0.64029196
0.92803680 0.94409873
0.78968135 0.70754707
0.59475403 0.21557457
0.68660183 0.33282874
0.48954126 0.70548115
0.00663492 0.15369185
0.00925525 0.67694324
0.14867411 0.41625592
0.25347065 0.93634868
0.36091787 0.98729065
0.05735691 0.20993107
0.77648559 0.14696831
0.15124194 0.63159607
0.69884486 0.71764165
0.13385923 0.34241809
0.98051876 0.30525333
0.65291807 0.87689537
0.21944280 0.13382649
0.42508335 0.66086578
0.48561418 0.06934973
0.24622887 0.72547793
0.28107063 0.75261453
0.86905141 0.80798319
0.68184613 0.55278501
0.73631856 0.96242004
0.56681026 0.65959959
0.94944287 0.86398817
0.18340077 0.71468806
0.55113144 0.22816963
0.79263407 0.73661949
0.39603660 0.30167608
0.85269249 0.54918874
0.88680629 0.00849433
0.62279262 0.22526087
0.43652441 0.94307425
0.16318010 0.05090853
0.04927241 0.00020446
0.47123212 0.44340391
0.24342681 0.69912514
0.13653681 0.68104774
0.17210648 0.85526634
0.68481834 0.77829218
0.97048047 0.35406615
0.42275896 0.01792330
0.82862607 0.91028027
0.00455717 0.06776390
0.75486288 0.64559871
0.21707275 0.00549440
0.84245897 0.33787760
0.24984238 0.62055110
0.37885844 0.59611236
0.59242990 0.30926243
0.90035452 0.32387366
0.10745889 0.18162820
0.40757128 0.89021437
0.32814370 0.21946137
0.19002045 0.92135696
0.32005108 0.25834709
0.90399302 0.73809354
0.76418325 0.19146042
0.53448086 0.37838001
0.01214958 0.66989628
0.31850539 0.25191802
0.24085721 0.03246472
0.82627832 0.43913418
0.15439881 0.54773147
0.70686372 0.73236504
0.22366939 0.03920052
0.89695072 0.09261298
0.51651562 0.47223990
0.55633251 0.93489205
0.31275886 0.57090556
0.67957959 0.38891133
0.43426079 0.44991547
0.50875570 0.88603357
0.63363844 0.36506019
0.22942686 0.13860730
0.88859380 0.74342872
0.27225936 0.57393744
0.35897856 0.92759658
0.10927406 0.96665369
0.48034908 0.29745494
0.49430594 0.63733939
0.87261534 0.73197510
0.88490517 0.66702889
0.11904949 0.48659332
0.71608781 0.60580896
0.25833599 0.95519981
0.15917291 0.46540432
0.66545864 0.46009447
0.17077697 0.09686249
0.61519532 0.26162027
0.93336121 0.60825751
0.23435479 0.56073243
0.21425813 0.06289173
0.17668194 0.36645083
0.28877288 0.88814147
0.96695256 0.02521358
0.98214806 0.23402387
0.99516089 0.25598318
0.49917407 0.35105398
0.21287876 0.78944387
0.11212773 0.58590986
0.82171717 0.08434494
0.23921239 0.35623460
0.58206577 0.68752778
0.33374446 0.63562404
0.53718966 0.18321136
0.57364739 0.11791008
0.31457045 0.28802644
0.51215905 0.45754136
0.28202724 0.86478089
0.84985089 0.92257845
0.31628834 0.41869665
0.68958870 0.15597278
0.77479546 0.23746090
0.12729438 0.10902525
0.53971570 0.58659154
0.73246368 0.29948770
0.67152611 0.49290727
0.28726395 0.14559100
0.29851881 0.47655720
0.85746600 0.29146521
0.65701665 0.55587431
0.69460768 0.15661699
0.03331741 0.06418383
0.03801431 0.44135186
0.92250512 0.91332551
0.94691436 0.79933922
0.53320871 0.93091659
0.95310894 0.95845221
0.61142141 0.82599925
0.89402495 0.04399880
0.19763188 0.89858897
0.83222770 0.65546745
0.49752399 0.06103014
0.52133572 0.32096065
0.28489670 0.95688339
0.58874992 0.32865107
0.65990638 0.97762000
0.79686217 0.44778484
0.14252803 0.51043532
0.07883323 0.11261412
0.07626531 0.79189908
0.70405304 0.74184825
0.74662385 0.36381227
0.67628024 0.08387070
0.38761570 0.05240275
0.99012121 0.18788239
0.26967931 0.26285629
0.12067285 0.25641278
0.93101613 0.32426481
0.71046796 0.20543926
0.95995260 0.57419572
0.92552032 0.18986626
0.46729541 0.63983555
0.30361832 0.62687666
0.02690003 0.89728678
0.02023904 0.76194333
0.01723270 0.08070570
0.62883117 0.12071624
0.15273234 0.10772735
0.81056849 0.68352996
0.83817371 0.98874960
0.98751317 0.72732821
0.87931297 0.27647827
0.06590268 0.84214624
0.32646530 0.50446161
0.05156016 0.94647602
0.18116039 0.14395582
0.84488534 0.48954809
0.11638207 0.07291847
0.14185112 0.65209236
0.72894356 0.64345893
0.64966825 0.90165292
0.69095979 0.41018631
0.94022135 0.84910640
0.02881499 0.88349837
0.65439658 0.90244263
0.60530625 0.77704047
0.81364670 0.19258779
0.30470747 0.23294555
0.66015956 0.21670902
0.33941467 0.20289518
0.76009901 0.61693894
0.41054107 0.37273399
0.73594395 0.85386468
0.30886652 0.85130725
0.40370903 0.55097242
