0.19462104 0.57011046
0.78280203 0.85805514
0.30719016 0.53550305
0.53748119 0.73501338
0.93797585 0.45441115
0.20197245 0.11324930
0.46503837 0.63315214
0.89782171 0.04531052
0.01136118 0.09024233
0.98271293 0.35545008
0.94279274 0.73826714
0.05780151 0.29181094
0.26481170 0.80347678
0.17545749 0.41419690
0.08814349 0.47243884
0.71136758 0.66708776
0.28142283 0.76741411
0.13855716 0.55301331
0.25659464 0.88297441
0.46912698 0.61539445
0.33797383 0.25256291
0.68171429 0.44930684
0.37944174 0.51605136
0.30867818 0.57749421
0.22535518 0.22116163
0.58184001 0.70700170
0.80970823 0.03644097
0.95196699 0.89807230
0.00737076 0.52362482
0.12387871 0.31799847
0.08158652 0.26156600
0.25832783 0.12541278
0.03447668 0.31305450
0.07953334 0.34634117
0.79483962 0.65891175
0.84612157 0.40267269
0.70322876 0.04154855
0.83901224 0.44344145
0.47613265 0.74616654
0.93529669 0.13046123
0.44850917 0.54396022
0.06086824 0.07870100
0.86141833 0.23029443
0.47897756 0.24018725
0.78787236 0.08251900
0.43784777 0.87771459
0.29713650 0.42600649
0.83719045 0.16923430
0.87148377 0.21050731
0.51433709 0.73227762
0.61245825 0.55110578
0.60283503 0.37158477
0.57171367 0.33026622
0.79607598 0.92098444
0.42121122 0.23979004
0.74506443 0.20323643
0.19687857 0.96382439
0.83072783 0.08603463
0.19274852 0.02679309
0.76934413 0.23597806
0.63794335 0.16699605
0.11288482 0.29698730
0.87699693 0.02239164
0.46339745 0.97237612
0.76135525 0.07459703
0.95444311 0.87594540
0.25106951 0.10734858
0.91324740 0.71432280
0.26327097 0.92370939
0.64203220 0.34243242
0.50398427 0.64413411
0.75342879 0.68436383
0.34499660 0.66063923
0.31898545 0.36483069
0.87545779 0.20646643
0.26963713 0.11427975
0.60028160 0.59357016
0.80776340 0.95579673
0.41408272 0.59533902
0.05868836 0.83040533
0.67596710 0.12943610
0.17233536 0.33444983
0.69393622 0.90020687
0.36578110 0.07090994
0.02948734 0.63122921
0.18178480 0.17239751
0.92247621 0.62229977
0.17043102 0.38944661
0.41363396 0.72897690
0.14429154 0.82503636
0.87285798 0.96177509
0.54918216 0.94739687
0.60946323 0.41190616
0.11690162 0.48996948
0.40852822 0.26715247
0.30107880 0.30562993
0.92101638 0.27230305
0.36295803 0.00153307
0.50884687 0.41861560
0.94187269 0.88992070
0.48737285 0.53090956
0.42332660 0.92624157
0.28747007 0.03826310
0.23701671 0.27417103
0.40211351 0.00728983
0.43486231 0.03080910
0.96354839 0.90376863
0.36861810 0.74905249
0.19915912 0.91013744
0.06864437 0.66838398
0.29240147 0.39070404
0.42637031 0.23697451
0.90596854 0.51463097
0.60624567 0.85553783
0.34027800 0.86546480
0.61945817 0.54093429
0.69463451 0.50137461
0.74100282 0.91670094
0.32216610 0.32788315
0.72807618 0.15019717
0.17960735 0.54632997
0.65601348 0.25964673
0.11404914 0.37281800
0.06374390 0.38376386
0.01868481 0.40068001
0.77391647 0.97836432
0.08779208 0.43597548
0.76248654 0.19460902
0.80570246 0.87328894
0.32184225 0.80502298
0.65505664 0.75497158
0.83288719 0.10257090
0.86880635 0.88650021
0.72480124 0.04941416
0.16893342 0.48366038
0.99438540 0.56574004
0.18702347 0.85734642
0.82480755 0.24751525
0.99710918 0.38562026
0.97653273 0.51286911
0.03634313 0.18219199
0.64883896 0.59762654
0.62966142 0.65293720
0.70679002 0.44591733
0.01330359 0.50442761
0.19164946 0.07652005
0.24433456 0.44645346
0.66772524 0.60943283
0.26785099 0.72622241
0.32774576 0.94589855
0.81869743 0.80803070
0.88307849 0.88515994
0.62664037 0.82044630
0.14087338 0.49925640
0.63210698 0.86884944
0.38696658 0.94877491
0.06571005 0.78695222
0.60518475 0.58889883
0.04399388 0.33347001
0.38826944 0.52815147
0.23076244 0.06842858
0.04724834 0.56349831
0.36148880 0.75101633
0.20979270 0.79954946
0.80296931 0.32194706
0.65911606 0.12782058
0.67666309 0.03373291
0.49373645 0.47714056
0.21456396 0.76163096
0.90074839 0.52139150
0.59706638 0.08532588
0.07766431 0.68104485
0.92505082 0.59120196
0.48500896 0.39726258
0.35874823 0.69427255
0.63009017 0.84475674
0.38432825 0.05418437
0.05289252 0.60213451
0.91562505 0.39354455
0.34997534 0.39545461
0.00113997 0.85319787
0.56543994 0.71662329
0.74703642 0.65017672
0.77792760 0.18560858
0.70181669 0.62976453
0.68404307 0.61165550
0.68891896 0.49619722
0.66274083 0.31470331
0.98902635 0.89362523
0.41964258 0.22935877
0.10327083 0.54907223
0.64107497 0.68211106
0.82657423 0.92828454
0.79843305 0.05642043
0.22687767 0.11742429
0.23538848 0.28560675
0.96940797 0.39942766
0.07411825 0.67277273
0.23265312 0.42336381
0.35583708 0.41611083
0.88014029 0.90981989
0.53222886 0.27870523
0.59323407 0.48590630
0.33470676 0.36363976
0.69016964 0.77682688
0.88904647 0.80036431
0.84075681 0.67949873
0.99938779 0.93159652
0.81308180 0.83739127
0.85727475 0.01773358
0.89275925 0.84970871
0.52796386 0.04650914
0.86621057 0.84066430
0.77423586 0.25598405
0.12587453 0.11016542
0.45177384 0.05026151
0.61794917 0.81420777
0.94450050 0.70232821
0.20782331 0.95072511
0.13760966 0.06034409
0.90920390 0.13422804
0.73916133 0.79274557
0.88506304 0.91320964
0.57205109 0.06252355
0.74357138 0.06480586
0.22166570 0.79782362
0.66905153 0.01068114
0.45298512 0.19653722
0.54144917 0.27173393
0.72194096 0.74283824
0.40610300 0.45656667
0.01790356 0.93984197
0.04418644 0.83264789
0.31167811 0.01566427
0.08580783 0.63877434
0.15790250 0.17129410
0.55191233 0.96914525
0.28331029 0.03451100
0.55807200 0.43388073
0.43186306 0.14469488
0.48914392 0.21920189
0.57528183 0.14051460
0.55658967 0.51031101
0.50111449 0.23377142
0.47227805 0.50395465
0.85529431 0.61955971
0.99088608 0.04387184
0.69685619 0.01384705
0.58214972 0.84758285
0.35692481 0.55471289
0.81090126 0.46350402
0.12172763 0.16257117
0.40166272 0.98077681
0.51325732 0.71824136
0.75548825 0.15429727
0.71343985 0.20485318
0.75907954 0.73086873
0.65291688 0.78967466
0.13400998 0.43632047
0.97334805 0.10109420
0.56639107 0.32461147
0.08389042 0.61601146
0.45859776 0.34082575
0.39916083 0.64292340
0.93947010 0.29878076
0.64590715 0.01882725
0.99392253 0.72452553
0.89470413 0.69797713
0.97935233 0.53257377
0.41051157 0.14951781
0.32551907 0.26419742
0.47021133 0.28842893
0.54245636 0.47850606
0.33371387 0.55837863
0.02015653 0.28117324
0.93288084 0.19044814
0.34280017 0.19202105
0.79397511 0.57489174
0.44098852 0.68877107
0.37351462 0.38790648
0.63835705 0.87879581
0.03297176 0.75224634
0.22206670 0.68612472
0.14264617 0.13288394
0.52920807 0.86101884
0.21609160 0.90491676
0.16401074 0.86635443
0.26120155 0.36116756
0.68611322 0.70526062
0.43892964 0.32925243
0.84875023 0.32221950
0.91683166 0.08995677
0.73538243 0.05258314
0.94760725 0.34850863
0.71840417 0.16030069
0.33982149 0.17488021
0.94901520 0.41341176
0.53924231 0.67769936
0.56825027 0.58689832
0.76518188 0.19808458
0.02373919 0.12388343
0.49887531 0.79402943
0.85313139 0.64703887
0.88680133 0.78325208
0.20529137 0.99012500
0.59034886 0.11896053
0.38368636 0.10416244
0.34767060 0.88051240
0.14610506 0.14756953
0.67995446 0.15787014
0.52480607 0.25141373
0.38044305 0.29229369
0.87857574 0.07214162
0.63593517 0.81983244
0.49730994 0.15236256
0.39781531 0.43038116
0.64730513 0.58122727
0.75061376 0.05971562
0.00411152 0.21379074
0.85042182 0.22295537
0.95882697 0.47541118
0.18804084 0.30262546
0.39494625 0.57935562
0.50538788 0.95320162
0.28510778 0.00945967
0.09283691 0.36647006
0.77130221 0.02960827
0.24309456 0.56036594
0.53427031 0.79170330
0.37582766 0.37515364
0.29122354 0.09944196
0.35255720 0.77814620
0.18464380 0.76527807
0.15871238 0.90623675
0.21236079 0.67017326
0.84217334 0.45976885
0.50750516 0.91935927
0.48058300 0.64934505
0.00835496 0.37862976
0.41680998 0.77598156
0.69837454 0.14372171
0.03972994 0.35104219
0.78981980 0.74413221
0.10707881 0.95895741
0.74816440 0.56675968
0.79123002 0.62134427
0.81720018 0.82769364
0.06648877 0.72115885
0.21913972 0.40790504
0.33002777 0.31126018
0.12976749 0.13656161
0.16237145 0.57247304
0.96170478 0.70083836
0.12624266 0.52753667
0.67349853 0.25636484
0.59591070 0.98824180
0.61170327 0.24305855
0.48229273 0.96742641
0.30450358 0.89718775
0.46730376 0.09391423
0.72320209 0.59936538
0.27073048 0.61270429
0.58545609 0.71025314
0.95336872 0.96410525
0.66517425 0.64108255
0.80159565 0.34439559
0.02564589 0.43963659
0.01491878 0.46633930
0.31273527 0.17743140
0.36740770 0.30734296
0.09499901 0.78545459
0.18325438 0.99468075
0.78479075 0.81146238
0.55428882 0.89572443
0.45533961 0.99628136
0.90357466 0.66453026
0.23906997 0.94197395
0.52200418 0.99355285
0.31521961 0.60646374
0.56100431 0.81759218
0.92796053 0.09719457
0.96474702 0.86272255
0.24178685 0.56961411
0.47440256 0.87188273
0.78103780 0.91478042
0.91897218 0.50634273
0.10566297 0.44194991
0.62192305 0.49498565
0.28841854 0.37748515
0.59900233 0.48746070
0.57635679 0.72313523
0.98191645 0.62501141
0.51882292 0.77137310
0.86293563 0.47060599
0.81496800 0.46434966
0.35137778 0.42861970
0.49126192 0.20104068
0.44669974 0.82211169
0.11063419 0.36946994
0.07133632 0.28325595
0.44232193 0.70877140
0.84575880 0.24512517
0.57835728 0.31948374
0.98749047 0.73646772
0.10087691 0.83463608
0.27431744 0.46071569
0.03098167 0.69314740
0.86494515 0.97090210
0.02787156 0.69911499
0.54548701 0.85083345
0.53128101 0.20971700
0.09908569 0.83807356
0.24712680 0.66210845
0.62483197 0.48186580
0.04028495 0.95627605
0.90757479 0.18736777
0.73687216 0.97444604
0.51768770 0.16480897
0.51096899 0.75987312
0.43339569 0.81228269
0.25286412 0.76830742
0.91022139 0.35359176
0.44591710 0.76397236
0.04962312 0.35994253
0.55366683 0.42531929
0.27230344 0.40805794
0.82215911 0.63603125
0.09602850 0.30011518
0.07262369 0.67528759
0.97527239 0.35728563
0.10964118 0.62679024
0.39048013 0.26825484
0.93009823 0.18915928
0.31701152 0.60541199
0.82029715 0.84270772
0.42588316 0.78138517
0.30255725 0.60110267
0.39375188 0.30881480
0.68340404 0.02129603
0.71562827 0.24844294
0.71623032 0.46892370
0.75754404 0.65565253
0.85930195 0.18059221
0.09108975 0.29420708
0.32984164 0.45108355
0.13121659 0.27697724
0.20233574 0.06641893
0.05040460 0.02498966
0.65084682 0.53802549
0.37051860 0.50913447
