0.70318988 0.50086746
0.46365326 0.86974508
0.90736731 0.31323588
0.80054030 0.51153051
0.96594940 0.79549366
0.70958301 0.59056616
0.86568154 0.51714188
0.65205821 0.80818945
0.06785212 0.79175158
0.25200695 0.69557254
0.45539524 0.05809954
0.40939691 0.52073395
0.37847812 0.44309565
0.88385430 0.15666290
0.93943219 0.93470430
0.72894859 0.68342760
0.86272484 0.93640642
0.80388570 0.04816905
0.02987924 0.53977533
0.44988653 0.15078032
0.08554047 0.99266078
0.99500205 0.61907392
0.08398038 0.69811405
0.32743028 0.28776379
0.83116178 0.02333853
0.37769030 0.54417821
0.61268798 0.59859604
0.57638503 0.31854341
0.18024237 0.94210607
0.73023743 0.85950116
0.53016619 0.45508828
0.19996941 0.64670666
0.57372048 0.30302748
0.58584691 0.43971131
0.96682251 0.88169352
0.55454607 0.40862194
0.41893525 0.86715270
0.02395969 0.57087827
0.66798498 0.58958938
0.17212203 0.54301832
0.30169440 0.53615470
0.60730155 0.75794575
0.34093306 0.12986849
0.98416009 0.23321012
0.92265738 0.06056430
0.16303095 0.29940746
0.97057151 0.54915791
0.63265522 0.99111754
0.18768491 0.75892151
0.94723374 0.39846244
0.53729411 0.83022659
0.92428888 0.77242903
0.84736584 0.35213395
0.17101422 0.76060875
0.39315848 0.52649218
0.16577869 0.94512894
0.01292993 0.44111588
0.24114527 0.38146806
0.44600873 0.91314812
0.38576995 0.62390774
0.43156342 0.82926472
0.46964315 0.03090218
0.36041313 0.47484562
0.26305344 0.94935818
0.14778977 0.87701387
0.93216555 0.49837492
0.56000356 0.62873545
0.49712373 0.10073002
0.97815767 0.69007251
0.95889309 0.04402474
0.17737643 0.48370638
0.73399128 0.95890852
0.33029125 0.34563999
0.75232021 0.49283177
0.82327112 0.29250763
0.89532308 0.31095647
0.38353186 0.92774541
0.35173539 0.12286378
0.74732710 0.54736592
0.91849945 0.33255333
0.42091167 0.27307431
0.41381427 0.67565794
0.07430237 0.11443748
0.83243860 0.02882529
0.48143130 0.70197881
0.68960860 0.68098343
0.23222157 0.88398291
0.97312654 0.21286358
0.91279662 0.93284433
0.03233461 0.42186818
0.61165906 0.19642555
0.46614527 0.14430482
0.34464336 0.91556832
0.04363469 0.10769705
0.75400251 0.03837339
0.26003623 0.58724832
0.06448105 0.92488675
0.91183545 0.53117346
0.26602604 0.12678048
0.47279686 0.28188734
0.74332717 0.67721557
0.02096380 0.63881120
0.60261022 0.05500866
0.14463806 0.66386342
0.06118729 0.04314666
0.33689725 0.20437941
0.58747142 0.09179144
0.10961757 0.89009285
0.60099453 0.62079528
0.09273031 0.14320432
0.00493519 0.72114452
0.67552168 0.17707504
0.35790297 0.26944553
0.71695617 0.92810825
0.59407147 0.23125945
0.97483548 0.00814349
0.29032366 0.90715421
0.90840904 0.35741378
0.12647977 0.82245650
0.49849915 0.42937318
0.04882151 0.71641020
0.12542883 0.08130812
0.40221852 0.24679716
0.40471810 0.85569732
0.45782529 0.85272363
0.51767798 0.97666720
0.33283553 0.60339388
0.44441516 0.19013160
0.16099712 0.96137484
0.69713076 0.89442881
0.74833716 0.36629996
0.12956760 0.73919942
0.34961346 0.37462360
0.44328407 0.56164009
0.70548373 0.38235208
0.02722035 0.48726296
0.45278291 0.35928574
0.50725502 0.64162769
0.66033794 0.13342595
0.93588924 0.86302851
0.27985587 0.09329954
0.07159072 0.70687382
0.09955688 0.20217599
0.71594230 0.66081779
0.62934133 0.87101770
0.22799415 0.91154584
0.11943914 0.55963287
0.67169138 0.26740865
0.84061572 0.33165791
0.67852837 0.62647834
0.62485922 0.05283629
0.11669387 0.98771871
0.94572942 0.99968355
0.35239245 0.11950226
0.95417383 0.97831375
0.77959166 0.79750087
0.68126758 0.41084297
0.68274704 0.16949965
0.31787663 0.78340454
0.98136370 0.18481589
0.79193490 0.43540643
0.80496639 0.47192748
0.52012865 0.57831867
0.64882225 0.58404612
0.13498349 0.07988874
0.85157219 0.21478143
0.73918501 0.07415391
0.89151693 0.56953814
0.23816157 0.41739790
0.92837951 0.11019316
0.10180460 0.81136970
0.00696049 0.44972129
0.64705398 0.74332939
0.29986444 0.46383685
0.82043461 0.91766036
0.10483886 0.16286854
0.76131265 0.15934551
0.75157413 0.95154458
0.94124568 0.23918466
0.48537110 0.18764911
0.43535223 0.57604860
0.34288206 0.85657518
0.22555676 0.53571156
0.00952984 0.97383627
0.35865627 0.98848208
0.21608942 0.66914126
0.90123349 0.42712423
0.31566522 0.73280496
0.54622093 0.00471393
0.65781452 0.38755719
0.02465433 0.95793221
0.87353709 0.88629472
0.15267745 0.06582890
0.49503680 0.08408982
0.20360104 0.79844348
0.61702900 0.80309804
0.25600197 0.77940655
0.07997167 0.72515684
0.17421038 0.03559055
0.51122079 0.91850122
0.60876562 0.82533238
0.43683156 0.60991238
0.01838072 0.95496173
0.91519866 0.45272253
0.88607258 0.77509733
0.82572510 0.55539868
0.22060066 0.14003069
0.20035794 0.63157032
0.89902315 0.39449395
0.18300244 0.86065656
0.98797567 0.23790504
0.19776000 0.21836413
0.55633421 0.82698402
0.87524661 0.70205788
0.62358210 0.16751536
0.59317240 0.19273097
0.72309978 0.31621553
0.96220795 0.37241048
0.25154598 0.04070642
0.94834089 0.61726801
0.76338178 0.88452611
0.20977405 0.87927339
0.53207560 0.55782338
0.88441712 0.08613713
0.87179687 0.81838927
0.05165175 0.81297275
0.15857321 0.65857555
0.63176662 0.51522292
0.21428073 0.75492549
0.08136706 0.77070408
0.34710411 0.65187689
0.63996380 0.00136499
0.98218387 0.36290769
0.36601144 0.14709145
0.84400287 0.74687970
0.56835710 0.46136566
0.48605933 0.13989354
0.05759911 0.21198731
0.36458591 0.16557693
0.96195314 0.39319409
0.66594680 0.01858325
0.47433676 0.57376373
0.62003509 0.89360819
0.51889819 0.36180537
0.95018156 0.49032865
0.13737700 0.67008134
0.06885863 0.30752317
0.77540583 0.96325211
0.56528431 0.57589230
0.31117555 0.73481082
0.49242815 0.50760231
0.75605811 0.50844849
0.05532674 0.36802958
0.36909106 0.24834756
0.12073635 0.95202333
0.43288959 0.59588046
0.39920374 0.50374508
0.49157998 0.65414946
0.28640271 0.38548888
0.96993876 0.58380186
0.48907052 0.41908238
0.16869961 0.92185107
0.90475261 0.75019371
0.23788279 0.66628943
0.71817607 0.90961997
0.07729251 0.80165343
0.84879273 0.87596845
0.30808328 0.17296714
0.00366165 0.53213914
0.42924889 0.35519230
0.76511150 0.42513328
0.47644230 0.48472690
0.39471388 0.23414970
0.87639917 0.40034574
0.46026070 0.34281280
0.88172232 0.71178804
0.82626756 0.40305367
0.62666958 0.15350635
0.24233386 0.70960729
0.21010455 0.74470538
0.85539065 0.63385360
0.08764189 0.10441996
0.33936412 0.05149155
0.29772029 0.33424176
0.93059436 0.34868441
0.59612748 0.54075538
0.50054862 0.06257097
0.55844966 0.70530949
0.03916953 0.73139040
0.81507414 0.33640343
0.13268082 0.79290591
0.33400237 0.50458975
0.95721760 0.40762517
0.54504173 0.34110328
0.52574730 0.47906414
0.65056953 0.90096655
0.41719073 0.24075039
0.99875125 0.76217143
0.41000428 0.24240089
0.58356431 0.24426554
0.22837999 0.43017533
0.09626383 0.83599062
0.50850475 0.47741373
0.72123973 0.90432315
0.19123648 0.80723139
0.76947456 0.68570915
0.21247470 0.56330253
0.44095972 0.52949962
0.11145848 0.10253744
0.61440936 0.34747672
0.26548069 0.52534358
0.31877624 0.35043594
0.85214905 0.18028943
0.69270834 0.55200684
0.27561236 0.20940172
0.78768428 0.78562705
0.85689208 0.16040786
0.75827028 0.09810076
0.21811488 0.83722339
0.97749920 0.02187031
0.30284083 0.56782145
0.55254730 0.93136641
0.25880228 0.55083110
0.39747320 0.46411552
0.86867175 0.09403089
0.09489151 0.93895706
0.30590588 0.63761931
0.56229993 0.63489750
0.11441693 0.61256445
0.57526990 0.92203248
0.54186012 0.30543106
0.71166118 0.00302723
0.55118638 0.01156074
0.91716194 0.06784720
0.09066402 0.72323463
0.72516702 0.36597297
0.29480045 0.71561189
0.20434225 0.29514404
0.52717811 0.31524473
0.13806722 0.46619135
0.83796131 0.12441910
0.12212746 0.71293325
0.37096279 0.84384136
0.64254172 0.49662813
0.80973100 0.28571718
0.64410426 0.90203038
0.53934442 0.44729836
0.23509082 0.88845574
0.52233872 0.00780106
0.28177415 0.01557845
0.43920118 0.94153488
0.54808219 0.48921578
0.04194856 0.84845589
0.69050765 0.21642622
0.99383752 0.98017975
0.42282726 0.38825498
0.98881079 0.84171127
0.47082195 0.27509211
0.00053499 0.32660342
0.50268367 0.20747955
0.40735293 0.66474366
0.57075451 0.07199781
0.14261158 0.07285577
0.16680050 0.28272812
0.78470671 0.18346259
0.45980890 0.40554739
0.25581030 0.33938947
0.85881523 0.83860509
0.73498164 0.77601101
0.81927387 0.11229351
0.42666450 0.13595783
0.03494005 0.04767300
0.08998862 0.30165830
0.81022437 0.98581754
0.14138252 0.08886664
0.01481980 0.27804630
0.53477230 0.86481500
0.67277397 0.74097983
0.79600037 0.18952396
0.19555385 0.61197349
0.83512668 0.37642112
0.05972497 0.97506480
0.27791610 0.43271623
0.82885868 0.17989035
0.39033744 0.25448881
0.80686715 0.78860617
0.88949964 0.03708413
0.68459173 0.47329160
0.59089621 0.96464053
0.79832111 0.99491189
0.41476945 0.29056526
0.38947062 0.68781254
0.14860325 0.08243141
0.37474131 0.83287771
0.42554564 0.69615283
0.27339334 0.98333750
0.76791716 0.96906403
0.92018996 0.65297508
0.07314162 0.68859013
0.72776149 0.81548382
0.15534825 0.59669138
0.29381289 0.41482431
0.19215084 0.56426520
0.24957853 0.01640378
0.77397494 0.22063039
0.51576587 0.22493174
0.01704196 0.65646713
0.04515741 0.71851682
0.69806538 0.73737405
0.87935379 0.45970366
0.01144417 0.67324289
0.61864855 0.09746659
0.45197852 0.13779752
0.03175380 0.45053167
0.58943588 0.45658272
0.28516772 0.43605211
0.23010956 0.12109035
0.03693948 0.64988947
0.86049031 0.17090925
0.30670116 0.02442806
0.99775819 0.81693980
0.52820569 0.89885572
0.57947774 0.58119221
0.90217926 0.60451397
0.56703273 0.75302263
0.24630016 0.29663653
0.78233609 0.22877431
0.64055195 0.07610221
0.84339603 0.01303992
0.77041672 0.22316695
0.48295029 0.39642098
0.78868329 0.05743136
0.15142900 0.03363899
0.50591946 0.87341617
0.18984124 0.19983391
0.10654032 0.89799708
0.81365101 0.37824850
0.05340990 0.60163793
0.37255640 0.82072051
0.89286826 0.48110566
0.74141455 0.10846947
0.46583079 0.25374242
0.73739541 0.84776469
0.99128504 0.69366414
0.60458319 0.11616797
0.35414565 0.37026754
0.77738336 0.85003154
0.28956591 0.46884034
0.81698855 0.19494668
0.63563782 0.26045157
0.70693403 0.76640876
0.79546500 0.94701621
0.95269324 0.32280884
0.11256979 0.02638815
0.89729773 0.39151467
0.54211069 0.64430824
0.67601222 0.67937793
0.36385380 0.32853092
0.69510899 0.51998593
0.78030674 0.17501950
0.28305601 0.78747369
0.86620801 0.51241658
0.79385866 0.49498591
0.26904039 0.78049050
0.27102810 0.26434176
0.59816786 0.44497824
0.38194675 0.20006811
0.63752155 0.62550093
0.24581532 0.14907413
0.93719769 0.42257048
0.71295701 0.97164400
0.38791840 0.64336865
0.40187724 0.25159117
0.68794065 0.28812370
0.18428118 0.27799200
0.13044341 0.13019582
0.31354585 0.06865789
0.22250362 0.74933684
0.32800432 0.32007628
0.58081580 0.15452801
0.32481482 0.72660619
0.06397252 0.30864338
0.15737091 0.96712586
0.20652516 0.99626304
0.04635111 0.80463851
0.17856743 0.32465390
0.66266161 0.61564298
0.47996187 0.41284792
0.83950123 0.76443741
0.10357177 0.27028557
0.92611504 0.26369506
0.70077097 0.22695520
0.51235751 0.76841150
0.94265683 0.25861014
0.74583923 0.25649539
0.66922884 0.59237400
0.32342718 0.72885173
0.32033248 0.84470367
0.65963848 0.60616117
0.65561498 0.52248637
