5.685481199999999902e-01 1.322127700000000072e-01
1.045827500000000021e-01 1.602576699999999910e-01
4.195279000000000091e-01 6.486436500000000160e-01
7.028724499999999820e-01 7.125911999999999802e-01
9.838267299999999826e-01 6.969939999999999990e-03
5.507273700000000494e-01 5.098299499999999762e-01
3.226517500000000149e-01 3.477743999999999835e-01
5.595942699999999492e-01 4.436694500000000208e-01
9.197816300000000167e-01 5.351242400000000288e-01
9.259614800000000034e-01 5.034500200000000536e-01
4.302000000000000268e-03 4.642361899999999930e-01
2.562064000000000008e-01 4.461853700000000256e-01
7.157547600000000454e-01 2.006278700000000137e-01
1.632941099999999923e-01 2.313273499999999872e-01
8.956673299999999838e-01 5.232679999999999554e-01
4.208619599999999794e-01 1.747227500000000100e-01
2.005953799999999898e-01 4.926479899999999801e-01
3.675806500000000088e-01 8.793905899999999720e-01
5.069119899999999790e-01 4.681331100000000189e-01
2.277098700000000087e-01 8.112685999999999509e-02
7.725452699999999506e-01 2.821986100000000164e-01
1.128494599999999987e-01 8.970368300000000072e-01
1.198561800000000066e-01 2.363146200000000030e-01
9.315066699999999811e-01 2.041909699999999994e-01
5.856427100000000108e-01 6.565172000000000230e-01
3.459333800000000125e-01 7.520968799999999677e-01
2.605331000000000174e-01 8.718222899999999997e-01
2.890887400000000107e-01 7.654449599999999521e-01
1.720265599999999950e-01 1.457711200000000040e-01
7.138073000000000334e-01 2.131640099999999871e-01
3.789317899999999906e-01 2.658558100000000257e-01
1.919001700000000088e-01 1.090295700000000062e-01
7.451373799999999603e-01 6.973421899999999729e-01
1.364043899999999865e-01 5.553238600000000025e-01
7.990931100000000509e-01 4.801639300000000166e-01
1.207644999999999968e-01 6.663203699999999952e-01
7.529229499999999797e-01 8.298418400000000528e-01
3.253369999999999873e-02 8.921976999999999824e-01
8.010386200000000345e-01 1.559551399999999921e-01
3.861244600000000027e-01 1.257254399999999939e-01
1.286300800000000077e-01 9.143628700000000498e-01
5.725673300000000410e-01 7.714036899999999752e-01
4.741254100000000249e-01 6.374948700000000468e-01
8.642340200000000472e-01 2.281051299999999893e-01
4.031098399999999971e-01 8.125442200000000392e-01
4.326438899999999754e-01 6.809909000000000101e-02
6.167329000000000283e-01 9.399891799999999797e-01
4.337992000000000237e-02 9.962700500000000181e-01
9.901209300000000102e-01 1.370364699999999936e-01
6.777596200000000071e-01 8.455639700000000536e-01
5.344149599999999944e-01 6.929784700000000131e-01
1.592218199999999861e-01 9.364010999999999862e-02
1.082116899999999993e-01 7.304652000000000367e-01
7.740669000000000022e-02 7.045201700000000011e-01
3.173962300000000014e-01 8.669298800000000416e-01
3.705623699999999743e-01 2.258628000000000025e-01
8.190989400000000531e-01 4.055142400000000258e-01
9.820572100000000137e-01 9.855060100000000434e-01
6.820455999999999741e-02 9.206649799999999662e-01
7.248143999999999698e-01 6.901093299999999653e-01
4.095996900000000163e-01 5.203717900000000007e-01
8.085250899999999463e-01 5.662350000000000022e-03
2.464594700000000138e-01 6.266986399999999735e-01
2.510447000000000095e-01 5.303782400000000008e-01
4.514884299999999961e-01 8.069692200000000426e-01
4.878647300000000242e-01 2.603257400000000277e-01
6.579952100000000526e-01 7.317684000000000688e-02
7.915098200000000306e-01 1.492118699999999965e-01
2.995228000000000126e-02 3.968938000000000327e-02
9.710317800000000110e-01 3.599081800000000220e-01
6.816744599999999821e-01 5.413666299999999598e-01
8.169845300000000421e-01 7.995661600000000258e-01
7.060332400000000064e-01 3.124870499999999884e-01
3.285752200000000012e-01 9.598767200000000166e-01
6.461239699999999919e-01 7.220575299999999475e-01
9.381189899999999859e-01 3.827902200000000144e-01
6.374223999999999446e-01 7.940852299999999753e-01
7.773315699999999717e-01 8.630847000000000380e-01
3.148004899999999884e-01 3.055616400000000232e-01
6.037484199999999523e-01 8.338024000000000546e-01
8.306814999999999338e-02 6.827228699999999817e-01
5.003071199999999941e-01 1.002361499999999961e-01
7.828190099999999818e-01 2.438735599999999892e-01
1.869914299999999863e-01 7.407578400000000007e-01
9.498959000000000152e-01 4.081503400000000004e-01
3.538181799999999821e-01 5.114625299999999708e-01
1.086781000000000032e-02 9.677812099999999473e-01
5.840106099999999856e-01 7.833752999999999966e-01
8.115333099999999522e-01 4.272053100000000048e-01
4.423835799999999985e-01 3.627492999999999690e-02
2.161031499999999939e-01 5.762362800000000451e-01
1.817283399999999882e-01 9.173013399999999651e-01
8.772039299999999651e-01 5.951909999999999840e-02
2.443549100000000085e-01 7.380940400000000068e-01
9.656872100000000181e-01 4.224522199999999894e-01
5.222101999999999994e-02 6.321628999999999721e-01
9.953331699999999893e-01 4.377231899999999842e-01
5.900851700000000477e-01 3.719342500000000218e-01
1.756302100000000088e-01 3.524832199999999860e-01
8.888350999999999891e-01 5.907890500000000378e-01
5.140324699999999636e-01 3.381566699999999925e-01
2.070073900000000133e-01 7.183906300000000300e-01
6.542089199999999716e-01 2.104834999999999900e-01
6.633299799999999857e-01 8.203354899999999450e-01
6.653532399999999569e-01 4.637497000000000147e-02
8.467589699999999997e-01 9.836536799999999747e-01
6.157408000000000325e-02 5.626650300000000104e-01
3.034958200000000272e-01 9.045466100000000287e-01
4.478973700000000169e-01 8.540006100000000488e-01
9.847150999999999821e-02 3.766817000000000082e-01
2.993256799999999829e-01 4.329951100000000164e-01
2.780926400000000021e-01 7.604286300000000498e-01
8.272382900000000427e-01 8.390704399999999730e-01
8.319854800000000550e-01 9.276396300000000483e-01
3.952700599999999787e-01 1.893549700000000113e-01
1.480921699999999952e-01 8.213639999999999830e-02
5.990881500000000415e-01 3.071446899999999980e-01
1.954492600000000135e-01 3.437076499999999757e-01
6.722964299999999449e-01 4.743972799999999768e-01
3.302702699999999769e-01 4.812781700000000051e-01
9.235190000000000066e-02 1.667550299999999985e-01
6.116470099999999910e-01 1.129972900000000002e-01
8.724938700000000047e-01 3.635154800000000019e-01
2.834607100000000046e-01 2.990490699999999724e-01
8.398385600000000117e-01 8.585274800000000095e-01
2.124728600000000134e-01 6.120718299999999834e-01
5.295545900000000472e-01 9.733099899999999582e-01
3.441423599999999805e-01 4.145270400000000133e-01
7.360546900000000115e-01 5.814651400000000470e-01
6.206379199999999541e-01 2.929811600000000182e-01
4.271975299999999920e-01 5.381492199999999837e-01
6.883383899999999667e-01 2.892622599999999933e-01
5.703724000000000294e-02 1.635021000000000113e-01
5.182640200000000474e-01 8.021433399999999825e-01
5.440834599999999632e-01 4.234824999999999701e-02
6.278313100000000313e-01 6.545158699999999996e-01
5.213829500000000117e-01 7.896250299999999500e-01
4.113929000000000058e-01 2.663144299999999909e-01
2.732748300000000241e-01 3.690384999999999915e-01
4.650881399999999832e-01 7.453826700000000249e-01
8.669725000000000348e-02 2.720856600000000070e-01
9.390849399999999791e-01 9.385280000000000289e-01
3.096207300000000107e-01 5.498683800000000454e-01
6.092975499999999656e-01 2.796990500000000046e-01
4.948577100000000062e-01 3.912234800000000123e-01
5.777436900000000319e-01 2.183586299999999980e-01
6.417619799999999541e-01 1.377876999999999921e-02
8.937727800000000444e-01 2.538156100000000248e-01
9.029485400000000217e-01 4.162606099999999754e-01
4.626399099999999875e-01 9.923057100000000075e-01
9.065851099999999718e-01 6.047124600000000072e-01
9.616888399999999892e-01 9.338850899999999733e-01
4.555956600000000134e-01 5.669553400000000298e-01
4.789970800000000195e-01 4.871144600000000269e-01
1.439045300000000027e-01 3.275797599999999976e-01
2.938631899999999963e-01 1.931826399999999888e-01
7.300381900000000313e-01 6.425544399999999490e-01
7.217244400000000226e-01 4.516360200000000269e-01
9.049730000000000621e-03 6.619078999999999935e-01
1.321962999999999888e-01 6.727981800000000234e-01
9.780375700000000228e-01 7.062324399999999613e-01
4.905761699999999781e-01 5.731261199999999612e-01
7.648833200000000332e-01 3.218943499999999958e-01
5.447275999999999785e-01 1.962217000000000128e-02
2.394215399999999883e-01 8.177176400000000234e-01
9.475643200000000155e-01 5.869450600000000184e-01
4.030576000000000297e-02 4.602229099999999851e-01
8.564775500000000319e-01 1.174575699999999973e-01
5.373498700000000072e-01 2.505941899999999944e-01
6.953149600000000374e-01 5.580937500000000551e-01
7.439057199999999925e-01 6.181774599999999564e-01
3.586433900000000063e-01 1.272433299999999878e-01
3.835820500000000077e-01 3.887142100000000045e-01
1.514484000000000108e-01 7.575433599999999990e-01
2.316341100000000042e-01 7.767806000000000433e-01
1.669804000000000010e-01 5.995508200000000398e-01
2.203037100000000137e-01 2.604350999999999888e-02
8.496278000000000441e-01 9.586201100000000253e-01
5.574461699999999631e-01 8.796281000000000239e-02
4.834967299999999857e-01 9.059126299999999965e-01
3.646069900000000197e-01 8.875647399999999632e-01
7.148306999999999578e-02 1.025173000000000056e-01
7.878506299999999962e-01 1.794537499999999952e-01
7.565800299999999590e-01 7.278060899999999611e-01
8.633931200000000139e-01 8.813108600000000292e-01
6.916502500000000220e-01 3.989431700000000136e-01
8.356526100000000179e-01 5.173886999999999931e-02
4.362774899999999900e-01 3.165070799999999962e-01
3.376894599999999969e-01 1.815146400000000049e-01
9.570751299999999961e-01 4.958609700000000120e-01
4.844331999999999805e-02 9.761741499999999627e-01
3.937465499999999730e-01 2.669826999999999964e-02
6.323757500000000142e-01 8.410939100000000002e-01
2.662159900000000134e-01 6.207401599999999853e-01
7.626961700000000066e-01 6.776350899999999955e-01
9.108651399999999621e-01 6.099935600000000457e-01
8.834112499999999812e-01 6.225405999999999995e-02
1.719905000000000045e-02 9.498133899999999796e-01
9.180765899999999702e-01 3.321294399999999980e-01
2.123662999999999940e-02 9.488232100000000280e-01
