8.327892301139715181e-02 5.039335535745100708e-02 1.376248707541711247e-01
6.836496868193012166e-02 4.133660088823885859e-02 1.130661167694384101e-01
1.660929535585710382e-01 1.007567366889620675e-01 2.737967715942489777e-01
8.979307223549998218e-02 5.450517070311614032e-02 1.479271731008220958e-01
3.976240500234578396e-02 2.290557895935550758e-02 6.902461860388003911e-02
1.875292610885828104e-01 1.138513135221768113e-01 3.088872905939702429e-01
3.632288584592668901e-02 2.205292271838715443e-02 5.982662946876333293e-02
1.599088870948739416e-01 9.707735058795559369e-02 2.634069844000637706e-01
1.312681082106786912e-01 7.957566894519917111e-02 2.165400110563573122e-01
1.319420276363542088e-01 7.998723985537332937e-02 2.176434477332822581e-01
1.809271483797158797e-01 1.078569412206724226e-01 3.035004761894883329e-01
3.251329146755134458e-02 1.972683998848068568e-02 5.358760565155085143e-02
3.209586161229208839e-02 1.943247824091749384e-02 5.301147490628901893e-02
4.458100191809387380e-02 2.697680985482090593e-02 7.367311934646410265e-02
9.369099510210721071e-02 5.683470667834612799e-02 1.544479258580826186e-01
5.485161242031449946e-02 3.322001385820779612e-02 9.056887808507127491e-02
5.004426684743208675e-02 3.033363112107633278e-02 8.256277114667190387e-02
1.662977099378350199e-01 1.001802420831016116e-01 2.760517219316356297e-01
1.616319792033373837e-01 9.814695635284109709e-02 2.661814249977181301e-01
2.133833399117178106e-02 1.282350592130979648e-02 3.550702127116030227e-02
2.392858779209460288e-02 1.451584057642556387e-02 3.944499877284905059e-02
2.861808786795827508e-01 1.731018392505471459e-01 4.731289723806859082e-01
7.343979990041514527e-02 4.441958162121476678e-02 1.214195184323197257e-01
5.660659895246027834e-02 3.426524241320567238e-02 9.351479281319051429e-02
2.403580208463002299e-01 1.458439594937460393e-01 3.961218440975460831e-01
9.801417347392971102e-02 5.941557150519508751e-02 1.616878868351473431e-01
6.948453906147371295e-02 4.197434403220004495e-02 1.150250535155869086e-01
6.113091265288415899e-02 3.706065248126287626e-02 1.008343952838903490e-01
3.376543466354717249e-02 2.040474899718771468e-02 5.587447207389849291e-02
3.343239557251829336e-02 2.024705912854508905e-02 5.520431716137624151e-02
4.988982026237429035e-02 3.028976675491091425e-02 8.217277425579612438e-02
2.662321754105295007e-02 1.604613562971994936e-02 4.417236203123131588e-02
5.763824632054323494e-02 3.495192534438745779e-02 9.504962619866336171e-02
1.323084553545844366e-01 8.005926582021069549e-02 2.186571058199343331e-01
3.470495895962034255e-02 2.102725171585308542e-02 5.727967652001201421e-02
1.989096254247043616e-01 1.205192592209770042e-01 3.282881038461418766e-01
6.570561087238854792e-02 3.982791606677244661e-02 1.083970171292871904e-01
3.439624144140254192e-01 2.064316511087102290e-01 5.731201678332832339e-01
1.778187180726444397e-02 1.077902006517367055e-02 2.933429598035463062e-02
4.148466399919011061e-02 2.502410177917375675e-02 6.877279201917166351e-02
2.470523796078756551e-01 1.492929292028983557e-01 4.088263161275622615e-01
3.274414320009774726e-01 1.984354261626724847e-01 5.403162805362998755e-01
2.263872412802702128e-01 1.373167909790250774e-01 3.732331832770532931e-01
3.020567678595002109e-02 1.832419040066788837e-02 4.979117167785077763e-02
2.131642134386098064e-01 1.289377701555346478e-01 3.524101730322248271e-01
4.724029765911936379e-02 2.832089107114081628e-02 7.879857019033773002e-02
3.546495357512917668e-01 2.124531582355036752e-01 5.920189384484656481e-01
3.613359676435274337e-01 2.139662936204042853e-01 6.102067727756979032e-01
6.618239034682561750e-02 3.889071053100504050e-02 1.126260932807493925e-01
1.536590425100206603e-01 9.300644688378734148e-02 2.538652118879316522e-01
2.937174912690781459e-01 1.781547290259566096e-01 4.842417888600178966e-01
3.403533881197683131e-02 2.052373592979498187e-02 5.644217466101592723e-02
2.512244302432035670e-01 1.523219670528453973e-01 4.143441394052249649e-01
3.023655654101005119e-01 1.832161878070435179e-01 4.990003134551359576e-01
9.225678242713451771e-02 5.565251548696165118e-02 1.529367330359339971e-01
4.381554241648274312e-02 2.658134876054884729e-02 7.222363976127142704e-02
3.242725397288876571e-02 1.966292052289235828e-02 5.347765094193412255e-02
3.200680471339503175e-01 1.869284941393513921e-01 5.480360566098128050e-01
3.695622879164208174e-01 2.227626400484148950e-01 6.131022895954915120e-01
6.813894515107299377e-02 4.134435706416027256e-02 1.122986587769601030e-01
1.108780629433774867e-01 6.731336757817861505e-02 1.826374951126494839e-01
1.310630782273274932e-02 7.826947840688783242e-03 2.194665254459000556e-02
4.540667899946061042e-02 2.756735533914944636e-02 7.479014480696538625e-02
3.776302117372905970e-02 2.291969401416381683e-02 6.221923238967534686e-02
3.117767045597307218e-01 1.884950879443235972e-01 5.156883108531575832e-01
9.049238386054821170e-02 5.494664605896760340e-02 1.490331462265536144e-01
5.009173139826913340e-02 3.015721008012598250e-02 8.320337152573431538e-02
1.761334013589857528e-02 1.067169630250113140e-02 2.907033164635194553e-02
6.691480110638325929e-02 3.835858078604663379e-02 1.167298298151740882e-01
1.335161360628889793e-01 8.056363917251964379e-02 2.212730056916860921e-01
8.404121886366966443e-02 5.101537023622595979e-02 1.384470295008434493e-01
5.802187790807804973e-02 3.510905324217693940e-02 9.588804040821162500e-02
4.279442284466618285e-02 2.594568057141854664e-02 7.058448983702875212e-02
1.242818001539238576e-01 7.403216119616437552e-02 2.086385916598113288e-01
1.750608804647968975e-01 1.062179111455552744e-01 2.885230140434022483e-01
1.091360460904678142e-01 6.617222998804241085e-02 1.799950909681149180e-01
2.203141175322863854e-01 1.334817189128786052e-01 3.636326440754802936e-01
5.966754154525189674e-02 3.611813248709863644e-02 9.857141742658113992e-02
3.236515358790652275e-02 1.964742645897924259e-02 5.331503181629417693e-02
3.173019158326921829e-01 1.919088832957474289e-01 5.246266043658848188e-01
2.850448353111156852e-01 1.726634557815625859e-01 4.705718287043411663e-01
6.597592212023016545e-02 3.983044926056844570e-02 1.092837861591460097e-01
2.158805620207438977e-02 1.309808328136160931e-02 3.558109691111042278e-02
9.314649046089455708e-02 5.654466089509571636e-02 1.534409889074786482e-01
1.318513653824908427e-01 7.988498374756618226e-02 2.176226586984409961e-01
6.393796153846595387e-02 3.881275217614491013e-02 1.053278290377706178e-01
2.994494739532750915e-01 1.736457719692944268e-01 5.163960310346594751e-01
3.201285805236240289e-01 1.939536288978805922e-01 5.283856179975312539e-01
3.265246840033045328e-02 1.979397604964664922e-02 5.386404883790953113e-02
4.630773067369236412e-02 2.762250889153055125e-02 7.763255425377864338e-02
5.013842355264441775e-02 3.042381317514814693e-02 8.262808813189236046e-02
1.293441637833047386e-01 7.812689090164944006e-02 2.141376997308509500e-01
2.083285622079690189e-02 1.251372018368896583e-02 3.468256377364940801e-02
5.608069557114659515e-02 3.404163336996934852e-02 9.238817601854844297e-02
1.563894552126753879e-01 9.452049972232159925e-02 2.587551036396136261e-01
2.880129526163385245e-01 1.744229118501292031e-01 4.755766315038720271e-01
1.908331069677529357e-01 1.131110102636834619e-01 3.219604760851325076e-01
1.286597776555466754e-01 7.808052753791897005e-02 2.120034137619748738e-01
5.045904740304908709e-02 3.053436284911325432e-02 8.338524951068682078e-02
9.690910077856648708e-02 5.875905623380582588e-02 1.598285339427766572e-01
1.190681906509217097e-01 7.229787888961161646e-02 1.960947436166255997e-01
7.096570089950154925e-02 4.308680004760742643e-02 1.168833772429839213e-01
6.357459444825659667e-02 3.853126883664770991e-02 1.048947823751950753e-01
1.747534040288745150e-01 1.058425787032267473e-01 2.885299337359024108e-01
4.495015092509584836e-02 2.696429895721956516e-02 7.493300943571949702e-02
7.377242959498653274e-02 4.387810644559546336e-02 1.240338704017514976e-01
2.531596288052810340e-01 1.531197504341560434e-01 4.185599667913991739e-01
8.812104370452858437e-02 5.297813718423038248e-02 1.465759038784565371e-01
3.413623589408413261e-01 2.058361362078525159e-01 5.661214898825442932e-01
1.330945887625120394e-01 8.034089197026944573e-02 2.204875888659217631e-01
3.534812239594369021e-02 2.145495560121322628e-02 5.823781601524079948e-02
5.788696099592713362e-02 3.510457532457403329e-02 9.545480104407587374e-02
6.302597105045128212e-02 3.809331131785294311e-02 1.042774410895244142e-01
6.677645747359203798e-02 4.011895321827176064e-02 1.111468499305609398e-01
4.869994627862188341e-02 2.950634278214247022e-02 8.037881160168802719e-02
3.676784394295490310e-02 2.216345357899492802e-02 6.099565410215238015e-02
1.096032217037655049e-01 6.650425149391019086e-02 1.806330563534692957e-01
3.968422807908027206e-02 2.402748159965167885e-02 6.554319693060521590e-02
8.261301235595260029e-02 5.013757999283236649e-02 1.361236384265148425e-01
4.822132120339123196e-02 2.927185313681408482e-02 7.943794360173915547e-02
7.691151671881242546e-02 4.647478546737513622e-02 1.272815214637344483e-01
7.389440480605009853e-02 4.468643559273502430e-02 1.221933007010326672e-01
4.785384096181467123e-02 2.904400876619831970e-02 7.884552415724933871e-02
2.726872937066954911e-02 1.654351930978425339e-02 4.494712325514935158e-02
6.964941926027488905e-02 4.204281211990360673e-02 1.153833761038311756e-01
5.539687151988001435e-02 3.362009326929050329e-02 9.127914517099897096e-02
5.575697457700198312e-01 3.317223676503492369e-01 9.371813652485767587e-01
4.844341808232231067e-02 2.941408261298347412e-02 7.978371402488691755e-02
5.113052157716664603e-02 3.100711547306035654e-02 8.431388076148169097e-02
9.547622158440233209e-02 5.792517160831552742e-02 1.573704252388486158e-01
1.330681988766539425e-01 8.077545524719534353e-02 2.192144321327306467e-01
5.017340714935025064e-02 3.041712836660486960e-02 8.276161886926532152e-02
9.203783369313262019e-02 5.532419539476633730e-02 1.531149756536014928e-01
3.815741529308886437e-01 2.309060098233858271e-01 6.305545459656508589e-01
6.778282684110846501e-02 4.070056601768137772e-02 1.128856933482379754e-01
1.818267587622437176e-01 1.103478720554224857e-01 2.996067761540359697e-01
3.708866040430154887e-01 2.245427521133638582e-01 6.126088317876894340e-01
6.262217250993087903e-02 3.802726541097652818e-02 1.031243358543366545e-01
2.912183779336614126e-02 1.766828424943038198e-02 4.800021464961830298e-02
2.876863752347003089e-01 1.742474733684676036e-01 4.749764739524648394e-01
1.093767043011818624e-01 6.607076993052843350e-02 1.810674138710236525e-01
2.229671311248301036e-01 1.331388640360873787e-01 3.734021761561828190e-01
4.610885085614131740e-02 2.798567204384854248e-02 7.596837853108480421e-02
9.945664826917868795e-02 6.034141995027619138e-02 1.639276121292841393e-01
1.282720618648894306e-01 7.790498551439720143e-02 2.112024249337585702e-01
9.771614961730643034e-02 5.926077548840569253e-02 1.611259018691032774e-01
5.317334405137919690e-02 3.177968460315776233e-02 8.896892945644277462e-02
4.468536435827049486e-02 2.709585877513712507e-02 7.369324605661206617e-02
7.996018162672179075e-02 4.852102739840420675e-02 1.317703063721320789e-01
5.027876461345769377e-01 2.967386145224544247e-01 8.519127768806756817e-01
1.258943923448038460e-01 7.629915072250249841e-02 2.077270569040950143e-01
2.833567226510265713e-01 1.690639220668569143e-01 4.749152349593513400e-01
1.718992684621267475e-01 1.043223640418627085e-01 2.832504685760061647e-01
1.552074535817230538e-01 9.424049108800149066e-02 2.556157482756339361e-01
7.077133758062487123e-02 4.278905958306036816e-02 1.170528698633423459e-01
2.528352902152651918e-02 1.532354910915788987e-02 4.171728332833361114e-02
5.983800077553809438e-02 3.629826656950491809e-02 9.864345257251036503e-02
4.629620863280336368e-02 2.808081214337759465e-02 7.632752652695368178e-02
2.527132768491247017e-01 1.514487742514350199e-01 4.216871388460063375e-01
1.747865469578818998e-01 1.059383606689907886e-01 2.883784193425058540e-01
3.065795330180087763e-01 1.846567863945740018e-01 5.090038221758103054e-01
2.028067863764038414e-01 1.230840116127781270e-01 3.341668187556398606e-01
2.661178146476090439e-02 1.614061180004435631e-02 4.387608855856664491e-02
6.506440990073746045e-02 3.893713413012128699e-02 1.087233955530459567e-01
6.609915334597055159e-02 4.007061776177665152e-02 1.090349567113939461e-01
1.995990760676347731e-01 1.208153842345855433e-01 3.297576001554329284e-01
2.072141532911487838e-01 1.252851861308928449e-01 3.427197312801861795e-01
2.071441825909164577e-02 1.252633258808024709e-02 3.425480848408082174e-02
1.024671943815904790e-01 6.216896704853237116e-02 1.688869290081362329e-01
7.420680421516294423e-02 4.504205347288699895e-02 1.222557447373540523e-01
5.116604750861288714e-02 3.102197719628876915e-02 8.439063703414831363e-02
3.509967448424297642e-02 2.118789796128026440e-02 5.814579394101327542e-02
6.572796476888416450e-02 3.992247862339056569e-02 1.082138559936129257e-01
1.547933743983396226e-01 9.393085242500130716e-02 2.550917844246765598e-01
6.404212277894123784e-02 3.886599391529117070e-02 1.055265304412904975e-01
9.461207526207543461e-02 5.733903374609606446e-02 1.561143291153923029e-01
2.051408124691989771e-02 1.223243576739785864e-02 3.440259465958765694e-02
7.604715565489189588e-02 4.542500285116951586e-02 1.273124825582804265e-01
7.590182847758329687e-02 4.580150856233032586e-02 1.257837950555783513e-01
4.557820954215809905e-01 2.735552742902262469e-01 7.593979646193549371e-01
1.633108550092509936e-01 9.830301405424270167e-02 2.713084193851482695e-01
7.206166627499703548e-02 4.325558134091567891e-02 1.200511838091301020e-01
1.881204602876813264e-02 1.140683793514691430e-02 3.102464309570580892e-02
5.584154941074834233e-02 3.385316837852291039e-02 9.211186987659751579e-02
8.802876921310091862e-02 5.300504507491279882e-02 1.461948423630527738e-01
5.820277137578487581e-02 3.530621061298249569e-02 9.594806514229077543e-02
1.538912051474356640e-02 9.259484041862322753e-03 2.557648235545417759e-02
8.146495770362702227e-02 4.949397885690907939e-02 1.340878120314490662e-01
3.252005386558147471e-02 1.970569007611725626e-02 5.366743815290418024e-02
1.785973657026258821e-01 1.080767257767987349e-01 2.951330992557229527e-01
3.675605083793390127e-01 2.190432914214826277e-01 6.167763753153141515e-01
3.739587774184996438e-02 2.219630858589653755e-02 6.300379482793645736e-02
2.538973473246716739e-01 1.535327236935794815e-01 4.198705098670815206e-01
4.364742599654172078e-02 2.649681756100503299e-02 7.189911738409256181e-02
5.019186074522084817e-02 3.041582853679111048e-02 8.282604835243530250e-02
1.343844692440008259e-01 8.143010475438132445e-02 2.217752958621870274e-01
2.217007757984585520e-02 1.331440976610268924e-02 3.691581891581337260e-02
3.148591817152991412e-01 1.849910244978642815e-01 5.358979149367990580e-01
7.524539149904001245e-02 4.564110655345292311e-02 1.240519647614779786e-01
3.239453434549746658e-01 1.911763154776918439e-01 5.489204312989645063e-01
