1.41431450
2.16807051
0.99348828
1.26237177
3.53401925
1.15258765
1.97079717
3.22550553
1.87075374
3.96264957
3.74067938
0.45412554
1.01998526
0.81275774
1.14067003
3.18052333
1.14434559
1.38984686
0.95935725
2.23429325
1.11781180
1.85374098
1.30031502
1.05907443
0.94027147
2.49105701
3.01761156
3.81484352
2.01868501
0.42217669
0.39255245
1.07335634
0.42150751
0.26263948
3.10791511
2.73245015
3.25086443
2.75599792
1.85773399
3.46426736
1.74236266
1.86728541
2.83919944
0.96480788
2.85969496
1.43965831
1.06466354
2.70799965
2.95137804
2.36034392
2.65083101
1.07068771
1.07290766
2.16190990
1.01693365
1.98448964
0.67869433
2.93354508
1.38788243
2.02945235
1.69783866
0.43467193
3.12477954
0.72932738
2.89996376
3.48293881
1.09210206
3.03556533
1.01601983
1.14871827
2.00167090
2.99529370
0.91901934
1.10363036
2.99214656
1.07743257
2.96155580
2.26602014
1.13838540
0.73184948
2.18967996
0.69261816
1.77794782
1.23233888
2.87955054
0.97640427
3.04675305
0.79334753
1.84682333
0.72284347
2.93727771
0.55578573
1.33689532
0.85951379
0.83619098
1.05103269
3.37410773
1.20383573
1.16128334
3.22036125
1.71114231
1.01492789
1.08880139
0.90375119
1.39610828
1.61806483
3.61383337
1.04361871
0.76483665
2.38080491
1.02026225
0.79892013
3.23334331
1.10253347
1.15566002
2.48487005
2.30689753
1.77293339
1.11759729
2.22185232
1.25073010
1.22086577
0.57341600
0.78989225
0.55832170
1.93509309
0.98840621
2.12412335
2.22948361
1.30661688
2.46290754
2.88083156
2.87197954
3.13664222
1.14831019
3.77757710
0.74981493
2.45402755
3.78477960
4.11768725
0.96324936
3.54040431
2.93174286
1.89410343
1.43033131
1.31372349
1.07291737
3.15475678
1.10133721
1.09580297
2.55575397
3.14034468
1.39559022
1.09119659
1.36679021
0.76785553
0.67533094
3.06180569
0.30717910
1.24146485
1.18026408
2.65246548
1.23511829
1.05613951
2.21162427
2.15666639
3.36863192
1.56400273
1.16865297
3.23462192
2.48307638
1.60638881
3.77064230
1.24384364
0.98329969
1.34866024
1.26352600
2.24459120
3.24892383
1.09597641
0.25063119
2.89588874
3.20712342
2.28357775
3.44400889
3.49311283
2.20666347
1.10478461
3.80786644
1.09740492
1.89814294
3.06707645
2.48182246
2.97256709
1.09339722
0.87837621
4.11945851
2.03432495
0.98748577
1.12671085
3.07686443
0.70024218
1.66440506
1.17218985
1.99254071
3.05842759
3.06899870
3.38954279
2.48038793
3.07672820
3.18393151
2.43082368
2.77121800
2.04646140
1.39107040
1.70474871
1.25516227
3.96544301
0.72687505
1.62425603
3.21386451
2.15067549
2.86906253
2.68743009
2.98887984
1.05858104
3.49516633
1.17081320
0.99583649
2.47804672
1.19479069
1.00748454
0.45399057
1.08979113
2.38481590
0.95485833
0.46516239
1.09016044
1.25761729
1.33487986
1.28740206
1.70483958
1.86243031
1.08489698
1.43494579
3.12413186
3.96230293
3.42140637
1.10832634
1.23072291
2.55851093
1.00945142
1.30542230
2.08714976
2.29214087
1.76284965
2.76674144
1.59396442
0.77569971
3.81012734
1.08276296
2.26825386
1.20994222
1.55458038
3.44257574
3.46608907
4.68386075
3.18132621
4.07998320
1.15550764
1.07098219
0.94577072
1.46576352
1.12143039
0.36745641
3.50081572
1.13709116
2.99581481
1.38609723
1.19934436
0.84542968
1.05845757
1.22488774
1.13007528
1.91360240
0.87135728
0.56476853
0.97043281
2.95991720
1.00174438
2.67719705
3.32560558
3.08404820
3.64034758
2.08319756
1.12423544
3.68776138
2.63207538
3.26764023
2.14498916
1.31646788
1.49248136
3.15789835
3.03154617
0.90724425
2.16022560
1.22431258
1.10068287
1.04748263
1.94622229
1.19142053
1.14904036
3.10116716
1.15325279
1.35184987
1.12107527
2.64942546
3.00466682
0.48881971
2.70147602
3.65915609
0.72021290
1.45996873
1.27294897
1.09082760
0.53016468
3.10197409
1.14785836
1.08064578
1.15500211
1.07694907
1.04353931
1.16267061
1.01732789
1.37068018
2.74775920
0.32662174
2.37072844
0.58383474
1.21329331
2.15764700
0.30053349
2.70900852
0.29201786
2.92660604
3.09292638
2.51500835
1.16906818
0.95422293
1.10731947
1.10937155
1.50528644
3.57502513
1.51991002
1.46881016
1.62986481
1.21047208
0.88324987
1.11184815
1.60426511
3.09467795
1.10214355
3.09888941
4.06781749
3.32118070
2.23182998
0.72306782
0.94770901
1.12267996
1.08054909
1.14330264
0.54598800
2.40601073
0.92167709
1.25212362
3.22380250
0.88622850
1.21303864
1.03911753
1.05142307
3.38042870
3.94528046
1.15211449
0.87609475
1.98448967
3.55338004
0.83242693
1.69143974
1.07405457
1.99102365
2.05316213
4.11778489
2.07470540
2.98105871
2.60691049
1.10503703
1.00609385
0.64711398
0.72008652
0.33241975
1.07201506
2.65408894
0.98593541
3.72595108
0.63112794
1.07775726
2.02084908
2.85552831
2.08092244
1.01344158
1.21562416
0.72553605
1.14677551
1.83506782
0.45064325
3.24259067
1.74682189
1.22512385
2.26457121
1.55234578
1.03464637
3.28158933
1.15924358
0.14599817
1.07746267
1.04712132
3.04159575
0.51449013
2.11681627
3.90901297
1.88359891
0.89169717
3.39502727
1.20402748
2.44549105
1.68447268
1.13312530
0.97839810
3.42479929
1.58794540
2.08953987
3.11101437
2.84945405
0.45165185
1.12987632
0.59508375
1.26767432
2.46450819
2.72605721
1.19903011
