2.158501059043379744e+00
2.265889373369990967e+00
2.928407785669027152e+00
9.916320730501253511e-01
1.170295126294685240e+00
1.586566754465198459e+00
1.303621869987687809e+00
2.207823793252494671e+00
3.329304624281296476e+00
3.041196183410191711e+00
1.086412409080296015e+00
2.385696847403034671e+00
2.974697810268873255e+00
3.247384717578534197e+00
1.079192008151067750e+00
3.181611250078703712e+00
3.759126314392265966e-01
2.882170969595442056e+00
3.514230996399011708e+00
1.814395588135150117e+00
6.958042989629766861e-01
2.392209348059574303e+00
1.315430906142425638e+00
1.169381470401296141e+00
2.677765015801357062e+00
1.028341394258140973e+00
1.447927689527359840e+00
2.164983770624509418e+00
9.489373408382603126e-01
1.091546463999179650e+00
2.066985844731455302e+00
2.338153195564512732e+00
9.416767628040884075e-01
1.942414257145927969e+00
9.095314408363803782e-01
1.632787262679868290e+00
6.435962991735921790e-01
2.223125920178529835e+00
3.673200706854149011e+00
1.123992974781117704e+00
3.313716448522614488e+00
1.045614497589402170e+00
1.356212803365588027e+00
1.159171179552551667e+00
1.029235321211866117e+00
9.826693325752979824e-01
5.966018024370666195e-01
1.614239605810210865e+00
1.494719246878386532e+00
3.029032743551907103e-01
3.668250011272979449e+00
2.619899844670801059e+00
1.187564957671001897e+00
1.646000764089408763e+00
1.826635216343395207e+00
7.976395392772529513e-01
1.778594461198283794e+00
1.198906180901622598e+00
2.919875807682948743e+00
9.359672659275243278e-01
1.271872215707047449e+00
3.608639636705860632e+00
3.000586007582924708e+00
2.617255419319809651e+00
3.458754568732986812e+00
9.794686684649211994e-01
5.559057789070165345e-01
4.025804425088869154e-01
1.152937206999463449e+00
6.829949768534496757e-01
3.903167171230637500e+00
1.334532268820487921e+00
1.091875995264590671e+00
1.234180685335521055e+00
1.142491040443422090e+00
1.006521367199761707e+00
1.099511525843545723e+00
1.263999215678466292e+00
1.434555569261456887e+00
1.296521398004471637e+00
1.534504012935087092e+00
8.839561517537343205e-01
2.133846866255644237e+00
3.063251890150818113e+00
1.230259780466330888e+00
1.111821007256228899e+00
1.848116001605662140e+00
9.451180220309995939e-01
1.200417771364463704e+00
6.370762387421676776e-01
2.294543535800792178e+00
1.595555521509303354e+00
3.086321075317893570e+00
2.511884525080575692e+00
9.175860643735463951e-01
1.269831928400446230e+00
3.513878861983847468e+00
1.796112476291369831e+00
2.810012150101599104e+00
1.046038882309278328e+00
8.572858589317574607e-01
3.847101620127373778e+00
1.085943245461077566e+00
2.936074939672354223e+00
1.946797033174079372e+00
1.751659047709691608e+00
2.696825361457103387e+00
2.921110669437228413e+00
1.130054764711240889e+00
1.102248519989874165e+00
1.276806041069068032e+00
3.052471559392263778e+00
2.291361766315233695e+00
1.097871518201501084e+00
2.556982636395497277e+00
5.512647318007302122e-01
1.046860753225890450e+00
7.345789914285894007e-01
9.966181908722664406e-01
2.708011097464656292e+00
2.169196291672367050e+00
1.437403208847714886e+00
1.401511493833467625e+00
1.476682779466527595e+00
8.054936626347649620e-01
1.400013185077570776e+00
7.609966007732085203e-01
1.017889072615773216e+00
2.823678960262037130e+00
2.279162077789613772e+00
2.516817689772944178e+00
1.570909919321762827e+00
3.562043747243504921e+00
2.748945976638389244e+00
1.543221008449456866e+00
1.362167434901059959e+00
1.185143436206263834e+00
1.140835929349149902e+00
3.150983771610818884e+00
1.889807394851719780e+00
2.714842530254832909e+00
2.186083399663362847e+00
2.269641463586828944e+00
1.538593878103060142e+00
2.318990495319284584e+00
2.888814359604795712e+00
2.932461175519347929e+00
1.040617548386152613e+00
2.297251457692754073e+00
1.511737359542967729e+00
7.485655907156861799e-01
6.893700965056083207e-01
1.133886603357534106e+00
3.350760547995935923e+00
1.467705279918297467e+00
1.742102226381983865e+00
3.720369127538885046e-01
9.422503443580821925e-01
2.296951952083107429e+00
1.134489319896845982e+00
6.196733246127315020e-01
3.807073199545311759e+00
1.090607060571151754e+00
1.065068986109654725e+00
9.703789141389934647e-01
2.909248186542697123e+00
3.026435636475782509e+00
3.110145304224972040e+00
1.948802727343310615e+00
2.024296815025488971e+00
2.725607352739772615e+00
3.681328345384017098e+00
3.588023062181373568e+00
9.587783866847858771e-01
2.945150346311814271e+00
1.244039644864502803e+00
1.080605625568926476e+00
2.646257527443817370e+00
1.959743496908180616e+00
1.168088346807458322e+00
9.001833379370413057e-01
3.476960907605479711e+00
7.242212599753785618e-01
1.822095001305384709e+00
2.307988110740379906e+00
3.806465913293291869e+00
1.096704220332886281e+00
7.699485104389535151e-01
3.009497616198905767e+00
2.451624099120911282e+00
1.211413127678841128e+00
1.079408316587005201e+00
1.406132613697298694e+00
2.907324671318138876e+00
1.918491201529935131e+00
3.317817092249483402e+00
3.656070839439226283e+00
9.509456840820550427e-01
7.450551885100336058e-01
4.372103386012693438e-01
1.456306883152205689e+00
6.430280556023033611e-01
3.663577261668893303e+00
8.219968600146485560e-01
1.585422392289806304e+00
1.922558782926526266e+00
1.161374638113183977e+00
1.051036971060447467e+00
3.670643328540875938e+00
9.338171022693302348e-01
3.735675537467609608e+00
9.871349666788786781e-01
1.081823944736928222e+00
2.448771117320672097e+00
9.083386487890731109e-01
9.019327238799680346e-01
4.585688521004703810e-01
1.142593264648908757e+00
1.088160583550909610e+00
3.401687014858375768e+00
3.102184085244288791e+00
2.425286755495491775e+00
1.039940715237923641e+00
1.478566806065576555e+00
4.354949957470811706e-01
9.573930561969967723e-01
7.892285570330269673e-01
2.386363664369143489e+00
2.465172997483129347e+00
1.009141282053261923e+00
3.510548796031645491e+00
1.094486139071747299e+00
2.007642834244106389e+00
1.645211506815696501e+00
2.235822366639593106e+00
1.683805093146606424e+00
2.717660354182606319e+00
2.499335371747082757e+00
6.755340519666552801e-01
3.828311643537721576e+00
9.904325162159393070e-01
2.209845179328878473e+00
2.569580597400060729e+00
5.878732131696937646e-01
1.125553499311796379e+00
2.801388638545657450e+00
2.756690040039417866e+00
3.195443627950615095e+00
2.081730400941332437e+00
2.041333759775493473e+00
3.802047323885999308e+00
1.075289432673651069e+00
2.359318846660516389e+00
4.501487046415758364e+00
2.894960598044382216e+00
2.045766121147366334e+00
2.737109992168135220e-01
1.654163295504010311e-01
3.342410867639557637e+00
9.982299838887975785e-01
6.656138421058906962e-01
9.924868618709639101e-01
1.110418363702807110e+00
3.265211146841285661e+00
9.938780114016760869e-01
1.288662191626172016e+00
2.984836965487458471e-01
1.221671799700098093e+00
1.147538164888645573e+00
1.975339703828224769e+00
1.426551068971874336e+00
8.070786663374678316e-01
2.890866498323708011e+00
2.420200893664695929e+00
1.647905672276887001e-01
3.285073557802951516e+00
1.087684181090760038e+00
1.738318082121730113e+00
1.105306701941819680e+00
2.812614069265085170e+00
2.703730260540210928e+00
1.192798661573825747e+00
2.372756285247597408e+00
1.002321945467350872e+00
1.264684645524348117e+00
2.922441954679837472e+00
2.951657877385522877e+00
1.003706064801862752e+00
1.603059000464288841e+00
2.036039787334092299e+00
3.328555728043055773e+00
3.414097461023628988e+00
3.533800288225603659e+00
1.196595378668183107e+00
1.107528639103224410e+00
9.300778318713296411e-01
1.399883759590077714e+00
3.436829736307267069e+00
2.078569304046008259e+00
1.963429793116168387e+00
1.106911236727269099e+00
8.129171569717201784e-01
3.553477838003443967e+00
2.744685335513614710e-01
1.505530247327806048e+00
1.112520848725665257e+00
2.500027831900388797e+00
1.053680139741201005e+00
1.276255986155735878e+00
1.831919222300181227e+00
3.396303082452255317e+00
3.657123727507917366e+00
2.856685335695285044e+00
1.311879719376341846e+00
1.278333127410584247e+00
2.371966075105720329e+00
9.663459130617378934e-01
2.291209947610862940e+00
7.674538150486236443e-01
9.708993545031958661e-01
8.758342617869188107e-01
7.036342116801611590e-01
2.456960401819244577e+00
1.767368425810698973e+00
2.848104271834197565e+00
5.953908132253808994e-01
3.915594588718271041e+00
1.503894825698700366e+00
1.073323776143438657e+00
1.509203820083666381e+00
1.919347576000211220e+00
1.124219180721077294e+00
1.070400438518546826e+00
3.063068062163170513e+00
2.782075946755151463e+00
1.615122153394564997e+00
2.885036931233488922e+00
3.360051844377130337e+00
1.363088372187540642e+00
1.237388203905154693e+00
2.741685904920129868e+00
1.039407664444329971e+00
3.065484789654162601e+00
3.173939912994498957e+00
1.506961138530775068e+00
1.554447167497871707e+00
1.519032830085324859e+00
2.561606754244825090e+00
1.304486141434169966e+00
1.140480089976210643e+00
1.331841096360309784e+00
1.070228003603957534e+00
2.173829323449811390e+00
3.791562749028166479e+00
1.533122732653517284e+00
2.580595427769547090e+00
2.144332086353693434e+00
3.164456890895341878e+00
1.274027745271616663e+00
2.592709572202826163e+00
1.154941833345148439e+00
1.254821291211022150e+00
1.198496652336815016e+00
3.234000520260977396e+00
8.778218678650511198e-01
1.647070571383904447e+00
1.065767545796723725e+00
7.111468069446770235e-01
1.085384863361867458e+00
3.512957653306119532e+00
2.171793897393054618e+00
1.066618565816920050e+00
3.029920806246694465e+00
1.090340456026384297e+00
1.171987308999917543e+00
2.588669699906565036e+00
1.363811335395054947e+00
2.526029885994466095e+00
1.227841703607544410e+00
3.197539486364477934e+00
1.490885507483526773e+00
6.070384915569416728e-01
1.164276113873870866e+00
1.641094417113237780e+00
9.556362805575724373e-01
1.383963129397360881e+00
1.166640976727259860e+00
1.075596782694541176e+00
3.261227841568671515e+00
1.069209028318677701e+00
1.039096490149900243e+00
1.041776859051676718e+00
1.012552345940412879e+00
2.091782634143783515e+00
2.947732523980815866e+00
3.330466373281051773e+00
1.244431745569448022e+00
3.313526018466049994e+00
9.471896242208314165e-01
1.106895522975950286e+00
1.655683624925706532e+00
1.284415728604679119e+00
1.092274041864340628e+00
3.744941231858521125e+00
1.116337457489952723e+00
1.235248209506013328e+00
7.585395909707790540e-01
1.028164036733386855e+00
3.706470257049463424e+00
3.967300011373358970e+00
3.912267985676744164e+00
9.392264185631222784e-01
1.058901399361702023e+00
1.839624098805216823e+00
2.907031567035323505e+00
9.345224482198144500e-01
3.001084740436616105e+00
1.115577187001203896e+00
1.281959795210614317e+00
2.139120652106593745e+00
1.091751797594924245e+00
1.977668566988844745e+00
1.063299813663975746e+00
2.446453065603360510e+00
1.079102403984118608e+00
1.990685519356472311e+00
2.043648328883796328e+00
1.376745023478344487e+00
2.721418893543732231e+00
1.686192433997011797e+00
2.236662152962187289e+00
1.069826459701461951e+00
1.049803849006262890e+00
2.772442521142438832e+00
3.072144424020971876e+00
2.075832735362948434e+00
2.162238836773072936e+00
7.110449839054052701e-01
3.631420634640177170e+00
2.726657440776452557e+00
4.024613742492355595e-01
3.249390749111365828e+00
1.008397104132624511e+00
3.203111498459099593e+00
8.589394849312098623e-01
3.106045900034260399e+00
1.972659213266262590e+00
1.028567153776217769e+00
1.076582846187744691e+00
1.247602021388058091e+00
1.601717176805020237e+00
2.435969570293611497e+00
1.264198847571699869e+00
1.466938662975191709e+00
8.181368388091034838e-01
2.516447726368241433e+00
1.877028444262037743e+00
2.809161317224313059e+00
1.283751844682264664e+00
3.959629039146329355e+00
1.007754753896255462e+00
5.127089605216044177e-01
3.439888791213626895e+00
1.702139441135085418e+00
3.745953718837384372e+00
3.436969785401497113e+00
1.959918399518195686e+00
9.282714797319198130e-01
2.287712320725875104e-01
2.078853338713912979e+00
1.932627600909526233e+00
2.200167471648653006e+00
1.299349997409985358e+00
2.974576364342289114e+00
2.328867143476110346e+00
3.789527295051097866e+00
2.986037510443889875e+00
7.220133315638044280e-01
1.087440960451523608e+00
9.048153050796490238e-01
1.100854426548921072e+00
2.750541105057647151e+00
1.668579936092016824e+00
1.697983513726093241e+00
3.211753099832597158e+00
1.584084623134308867e+00
1.532311383225869017e+00
3.682257297300533860e+00
-1.428441984388473807e-01
1.123395424902118300e+00
1.455156143639782185e+00
2.456385370375475663e+00
1.080370956022469908e+00
1.376165289521838808e+00
1.121334798903066643e+00
3.158787208311281791e+00
1.008941186791547207e+00
1.889725450550063801e+00
1.172814133237467304e+00
1.011344398932926270e+00
