2.30733132
1.71697575
3.16540069
2.78170528
3.66217226
3.28450918
3.08739677
1.53349004
0.63983184
1.09524640
1.67166792
1.51484933
1.23421108
3.05367799
3.64898918
3.01534948
2.79029977
2.99455483
1.63564077
1.36330820
0.52132640
3.57236956
1.76685330
1.12996412
3.03506841
1.29955820
3.07087948
1.18291225
0.48638710
1.72348480
1.22666621
1.27041802
1.12118245
1.37134427
4.47725240
1.03261533
1.30029561
2.62466184
3.10711435
1.41060173
1.07863319
2.06944878
1.09465284
3.80379133
3.36878179
0.72198690
3.62898447
0.91384028
1.11632103
3.71793891
1.31227520
3.35869666
2.62002025
1.15873766
1.16766042
0.66454610
1.03614635
0.92586242
1.22961394
1.29025905
0.58802524
1.90176655
1.21737884
1.03875505
0.26964699
3.34988233
2.92982062
1.77817928
3.54517320
3.62849843
1.11637640
1.85251080
1.13595570
2.38417121
2.43706296
3.16732226
1.21578724
1.12299694
2.88667634
3.45628431
1.12574758
1.52989826
1.38086475
3.02806320
1.76457279
3.19719532
0.91293488
3.78922084
3.50474957
0.32148449
1.44776874
1.44971083
1.27118834
1.65943479
3.11956253
1.15421495
0.62672494
3.37041988
1.07613515
0.78438245
3.17460539
2.41179721
2.96737503
1.73216846
2.28539281
1.10431787
2.47723681
0.53195464
3.46912924
1.08392260
2.42075290
1.71895135
1.09461897
1.30096982
1.05204247
3.80952045
1.02433944
3.16595040
1.09372373
1.26051156
1.88000101
1.52035095
1.09884081
1.04319090
0.23386475
1.73967625
1.20798450
1.19582496
0.27035166
1.58986573
1.77352458
1.26738184
1.02906736
1.66242281
1.50967461
1.58940192
0.97945345
2.12924722
2.14185986
3.29775494
1.08711028
2.32948445
0.67765446
3.32492569
0.61865301
0.95716226
1.92673080
1.52003366
2.59283070
3.54323618
3.09644323
0.33407877
3.25693123
1.20144052
3.66635839
2.33521373
1.52335153
1.87493725
1.11244999
3.82171338
2.36818824
2.56102506
2.39589915
3.21497663
1.53046756
2.77681011
2.92337763
3.11675031
0.97333806
3.43275372
0.05995770
0.83162481
2.27187719
1.04143466
2.42487785
0.90579673
2.29371923
1.77355349
3.63644623
1.21912339
1.74024161
0.96943153
1.14394919
0.65031519
1.38670537
1.21983580
3.21160799
1.05061473
2.80497188
1.29601448
0.54180675
2.90133303
1.55064743
1.93625460
0.98506549
1.52939304
1.11674638
1.49427852
1.48763377
0.15556745
1.23164215
1.70164745
-0.24182238
3.22173400
3.24445005
2.83812544
1.05213964
1.45481591
3.14978849
0.78401422
3.88527079
0.82595063
1.32798319
2.93122672
1.55760105
1.23297701
1.57399754
3.56257241
1.13227326
3.48996102
1.95320648
1.02143774
2.09202038
3.14047050
2.76630665
1.19606336
1.71276383
2.35504341
0.95198001
1.39889803
1.17946184
3.49523189
3.50576037
1.10390513
2.84095733
1.64642224
1.52523122
0.60354497
1.14662420
3.71968309
3.46043306
1.94111824
1.50893681
0.91141699
3.67874960
1.47724401
0.30534955
1.94392436
2.81506391
1.13085238
1.97186570
2.55623422
0.56830856
1.03658737
0.74366399
1.54593256
1.30846506
1.79271199
1.05831694
4.13935441
1.03390540
0.39263971
3.05295200
1.18571074
1.48834569
0.41999903
2.72758608
1.06544405
2.01120270
1.10645338
2.17515137
1.44804621
0.98148992
2.98646161
0.89801384
3.02966492
2.51716118
1.73865998
1.04434415
1.02425974
3.18333927
1.49210701
1.12747422
1.09505421
3.37836444
2.17426091
2.05249952
3.12562481
1.84419432
2.34446133
0.60773147
1.04217639
3.65792478
0.79150291
1.54600693
1.30664155
1.12871768
4.39118762
1.07072147
0.94097252
0.96722740
0.72334809
1.66506976
1.57311166
0.99893534
3.00587664
1.24616469
1.53539490
1.48037353
1.23838513
1.07584563
1.14719265
2.81847516
2.77051760
1.03903945
2.53702665
2.86458982
2.73806959
0.95646436
3.82440947
1.05889510
1.25732347
1.11204821
1.21930377
3.02728276
0.71720309
1.08731726
3.21455171
1.88533367
1.17269563
0.77056781
3.38741490
2.85341845
3.32717867
1.69660663
1.66324873
0.97833405
0.73646436
1.24478721
0.80777657
2.86400540
1.57407057
1.40400091
2.05893534
2.27623380
1.64758955
1.02749074
0.78304547
2.52649532
1.09188534
0.93968694
1.49672202
0.96871073
1.59128611
4.00886353
1.15376438
4.53622720
0.99953663
0.30490643
1.17670076
1.42544195
2.61983562
1.52724218
0.75012461
2.31822659
1.19149630
0.98346784
2.89269715
2.29637690
2.79154034
1.25462672
2.34587725
0.50415715
2.22040325
1.44627844
0.49398171
1.11611875
2.07552901
2.37329756
1.28039812
2.57712293
0.22215144
1.02398494
2.63752628
1.05672961
2.54785500
3.18735767
1.89904838
0.50393947
2.22427972
1.10487589
1.85019583
1.48119738
0.96447262
1.42171070
1.06432677
1.98204795
3.67443094
2.37390614
1.92780334
1.57051916
1.05772970
1.50023255
1.14823582
2.11082395
1.06687048
2.59996351
1.97698597
2.52609908
3.05722894
2.65337874
2.45018347
1.31766456
0.63104289
1.67111315
1.09944813
1.09880175
3.30724695
2.91968265
1.09331086
5.20087848
1.50532112
2.67124671
3.18913945
2.17761949
0.96880581
2.14171850
2.87880445
3.05043233
2.05567808
1.58761121
2.97165624
1.66211129
0.40060324
0.90763650
-0.20149330
2.37597133
2.35619178
1.27428503
3.03835376
2.62149597
1.03997987
1.87642019
3.94353176
2.12533798
1.04263702
2.07010851
1.07706349
2.51655305
1.20008038
2.32761727
2.10739383
3.79832084
2.00109743
3.19729314
2.80239157
3.24729508
1.04817308
2.50359442
2.33646732
1.17136089
3.13596537
2.58790319
1.05387607
1.03447188
1.45464779
1.10927957
3.71251317
1.05316002
3.32727991
1.42835120
1.56801878
1.21359321
1.32414869
0.79277507
1.21199887
1.09492639
1.06646178
1.05233388
1.52269594
1.14166436
0.16599772
0.39852908
0.87148091
0.48484320
0.73039199
3.48395038
1.11473739
2.72936907
0.75612930
3.31632139
1.56595821
1.38404641
3.63823328
1.75619474
3.37511243
1.01966010
0.95283052
3.48449400
2.46874516
