0.56854812 0.13221277
0.10458275 0.16025767
0.41952790 0.64864365
0.70287245 0.71259120
0.98382673 0.00696994
0.55072737 0.50982995
0.32265175 0.34777440
0.55959427 0.44366945
0.91978163 0.53512424
0.92596148 0.50345002
0.00430200 0.46423619
0.25620640 0.44618537
0.71575476 0.20062787
0.16329411 0.23132735
0.89566733 0.52326800
0.42086196 0.17472275
0.20059538 0.49264799
0.36758065 0.87939059
0.50691199 0.46813311
0.22770987 0.08112686
0.77254527 0.28219861
0.11284946 0.89703683
0.11985618 0.23631462
0.93150667 0.20419097
0.58564271 0.65651720
0.34593338 0.75209688
0.26053310 0.87182229
0.28908874 0.76544496
0.17202656 0.14577112
0.71380730 0.21316401
0.37893179 0.26585581
0.19190017 0.10902957
0.74513738 0.69734219
0.13640439 0.55532386
0.79909311 0.48016393
0.12076450 0.66632037
0.75292295 0.82984184
0.03253370 0.89219770
0.80103862 0.15595514
0.38612446 0.12572544
0.12863008 0.91436287
0.57256733 0.77140369
0.47412541 0.63749487
0.86423402 0.22810513
0.40310984 0.81254422
0.43264389 0.06809909
0.61673290 0.93998918
0.04337992 0.99627005
0.99012093 0.13703647
0.67775962 0.84556397
0.53441496 0.69297847
0.15922182 0.09364011
0.10821169 0.73046520
0.07740669 0.70452017
0.31739623 0.86692988
0.37056237 0.22586280
0.81909894 0.40551424
0.98205721 0.98550601
0.06820456 0.92066498
0.72481440 0.69010933
0.40959969 0.52037179
0.80852509 0.00566235
0.24645947 0.62669864
0.25104470 0.53037824
0.45148843 0.80696922
0.48786473 0.26032574
0.65799521 0.07317684
0.79150982 0.14921187
0.02995228 0.03968938
0.97103178 0.35990818
0.68167446 0.54136663
0.81698453 0.79956616
0.70603324 0.31248705
0.32857522 0.95987672
0.64612397 0.72205753
0.93811899 0.38279022
0.63742240 0.79408523
0.77733157 0.86308470
0.31480049 0.30556164
0.60374842 0.83380240
0.08306815 0.68272287
0.50030712 0.10023615
0.78281901 0.24387356
0.18699143 0.74075784
0.94989590 0.40815034
0.35381818 0.51146253
0.01086781 0.96778121
0.58401061 0.78337530
0.81153331 0.42720531
0.44238358 0.03627493
0.21610315 0.57623628
0.18172834 0.91730134
0.87720393 0.05951910
0.24435491 0.73809404
0.96568721 0.42245222
0.05222102 0.63216290
0.99533317 0.43772319
0.59008517 0.37193425
0.17563021 0.35248322
0.88883510 0.59078905
0.51403247 0.33815667
0.20700739 0.71839063
0.65420892 0.21048350
0.66332998 0.82033549
0.66535324 0.04637497
0.84675897 0.98365368
0.06157408 0.56266503
0.30349582 0.90454661
0.44789737 0.85400061
0.09847151 0.37668170
0.29932568 0.43299511
0.27809264 0.76042863
0.82723829 0.83907044
0.83198548 0.92763963
0.39527006 0.18935497
0.14809217 0.08213640
0.59908815 0.30714469
0.19544926 0.34370765
0.67229643 0.47439728
0.33027027 0.48127817
0.09235190 0.16675503
0.61164701 0.11299729
0.87249387 0.36351548
0.28346071 0.29904907
0.83983856 0.85852748
0.21247286 0.61207183
0.52955459 0.97330999
0.34414236 0.41452704
0.73605469 0.58146514
0.62063792 0.29298116
0.42719753 0.53814922
0.68833839 0.28926226
0.05703724 0.16350210
0.51826402 0.80214334
0.54408346 0.04234825
0.62783131 0.65451587
0.52138295 0.78962503
0.41139290 0.26631443
0.27327483 0.36903850
0.46508814 0.74538267
0.08669725 0.27208566
0.93908494 0.93852800
0.30962073 0.54986838
0.60929755 0.27969905
0.49485771 0.39122348
0.57774369 0.21835863
0.64176198 0.01377877
0.89377278 0.25381561
0.90294854 0.41626061
0.46263991 0.99230571
0.90658511 0.60471246
0.96168884 0.93388509
0.45559566 0.56695534
0.47899708 0.48711446
0.14390453 0.32757976
0.29386319 0.19318264
0.73003819 0.64255444
0.72172444 0.45163602
0.00904973 0.66190790
0.13219630 0.67279818
0.97803757 0.70623244
0.49057617 0.57312612
0.76488332 0.32189435
0.54472760 0.01962217
0.23942154 0.81771764
0.94756432 0.58694506
0.04030576 0.46022291
0.85647755 0.11745757
0.53734987 0.25059419
0.69531496 0.55809375
0.74390572 0.61817746
0.35864339 0.12724333
0.38358205 0.38871421
0.15144840 0.75754336
0.23163411 0.77678060
0.16698040 0.59955082
0.22030371 0.02604351
0.84962780 0.95862011
0.55744617 0.08796281
0.48349673 0.90591263
0.36460699 0.88756474
0.07148307 0.10251730
0.78785063 0.17945375
0.75658003 0.72780609
0.86339312 0.88131086
0.69165025 0.39894317
0.83565261 0.05173887
0.43627749 0.31650708
0.33768946 0.18151464
0.95707513 0.49586097
0.04844332 0.97617415
0.39374655 0.02669827
0.63237575 0.84109391
0.26621599 0.62074016
0.76269617 0.67763509
0.91086514 0.60999356
0.88341125 0.06225406
0.01719905 0.94981339
0.91807659 0.33212944
0.02123663 0.94882321
