-6.07740785
-0.99353939
-5.35323416
-6.11012973
-2.43203140
-5.39311788
-5.72922321
-3.65186732
-1.89274172
-6.42971716
-5.79990833
-3.93629227
-5.05385590
-6.51106362
-3.51249602
-4.56107635
-5.12535605
-8.48821055
-2.22241073
-5.44682747
-2.64809116
-2.35300272
-3.07066022
-6.54342207
-8.57457190
-5.51574347
-3.97869031
-3.75829588
-3.80374060
-5.33675114
-3.62904651
-5.18551979
-4.31204435
-4.39687509
-1.84470281
-4.00645944
-2.62278740
-2.85785089
-4.50903402
-5.50520411
-7.01103099
-3.23571003
-6.76418135
-5.02168651
-7.25181132
-6.18382076
-3.43792869
-2.06250373
-4.97901410
-3.75465569
-2.32700139
-3.80945782
-6.19598237
-4.42336055
-4.14607728
-3.89814018
-3.12972213
-6.99854054
-2.38013326
-4.28764088
-1.82761319
-5.85070200
-5.33839998
-5.32537439
-2.73247061
-4.30546211
-3.54215393
-5.81737114
-2.55127671
-6.59603184
-5.37994173
-3.80340916
-6.60424608
-6.41736822
-7.48774861
-5.86368063
-3.51031141
-7.03038063
-6.37686362
-4.48082443
-5.36634299
-4.19477375
-4.97496391
-8.63594346
-2.93207189
-5.26848174
-5.64593173
-5.29580331
-3.49379947
-2.80553968
-4.86023395
-5.01395975
-4.08772358
-5.37771062
-8.13612640
-6.48554740
-1.84641594
-4.74882791
-7.93909887
-3.52997002
-5.86301454
-2.36564855
-5.50695827
-4.28977329
-5.44250755
-7.07642747
-5.05692229
-2.96136693
-2.89845432
-5.37378619
-2.54932345
-5.96495628
-6.95543649
-3.24044413
-4.78794130
-6.48193608
-4.95959548
-5.25932458
-2.37566135
-4.36493907
-2.71167662
-6.11447897
-6.15501230
-3.53988566
-0.97024978
-1.08429331
-5.36002588
-5.69886156
-2.96529347
-3.98258000
-6.41282599
-3.83350582
-5.28249819
-4.18339434
-5.88150914
-2.73815595
-4.68156083
-2.31634124
-6.15335077
-2.31690040
-7.78205733
-2.00669057
-5.26871279
-5.51916830
-1.84702475
-4.86307929
-3.45429209
-3.68755608
-7.15883279
-4.15808427
-5.56496188
-2.90092389
-2.98375706
-6.02164689
-3.21026936
-6.22983386
-5.90502033
-6.47535256
-5.68823558
-5.48560024
-6.91160804
-7.07591763
-3.67467929
-4.61010437
-6.77353485
-7.54462158
-7.71440325
-4.85743844
-7.19672958
-6.59752572
-1.10288477
-3.83146100
-3.49523380
-6.51838625
-5.88883840
-5.23626641
-7.87726760
-5.75578157
-4.91617707
-5.71865627
-4.24716776
-3.86246638
-6.43099926
-2.48812383
-3.73637248
-6.04875766
-5.61641075
-5.48331070
-5.84153846
-5.48688697
-2.45155218
-4.71771587
-6.79405651
-5.75996840
-5.64273422
-3.33043520
-5.35898174
-2.54074932
-6.91117977
-0.73954703
-2.88176586
-3.95390941
-1.50415317
-4.52192431
-3.82149853
-4.48439465
-7.72571592
-4.83344188
-5.93522120
-4.80466982
-5.07865553
-6.48090443
-2.34713654
-4.44194869
-4.65348021
-4.49931234
-7.02284091
-4.37418070
-7.60344099
-3.68915626
-5.80679545
-3.79344125
-2.91187466
-7.49161495
-3.75285809
-1.99460747
-4.14169962
-4.45985071
-4.75418856
-2.57717356
-5.64492349
-5.78327679
-3.10364232
-6.32430687
-5.74548656
-3.49980054
-5.20334342
-4.57315987
-7.06294465
-4.03892733
-6.03870909
-3.93371387
-1.82508229
-4.15180082
-3.77532378
-3.22902630
-4.45279564
-5.70477519
-3.55349771
-5.68889755
-2.76945376
-6.84199565
-3.42234169
-5.83022445
-2.42125042
-3.52588287
-4.99674679
-1.72474583
-7.38983305
-1.83256990
-4.23853810
-3.66634433
-3.60099030
-6.07754922
-4.90861636
-1.77021155
-5.60729003
-7.39761885
-4.03431189
-5.28828122
-5.65864303
-4.21533533
-4.89508375
-6.26238323
-4.26379463
-4.93580853
-6.95738939
-5.02070894
-5.96064710
-5.27768549
-4.93796116
-5.77337561
-7.25909759
-6.98977038
-5.18017627
-2.65961327
-5.98107543
-1.41094254
-2.81368685
-7.38180540
-2.72076086
-5.23198753
-4.40673937
-3.58763664
-4.12633048
-3.14348826
-5.55221961
-2.24793403
-6.34651816
-4.21529471
-6.88073983
-2.78547811
-3.42526285
-4.96821637
-4.81023092
-5.97778406
-6.21878646
-4.60826282
-5.90616434
-4.11753774
-6.93435617
-6.11234582
-7.74448616
-4.65677284
-7.42781099
-4.89516536
-7.06786355
-8.06547772
-5.35074214
-6.37203798
-6.30580404
-1.84834665
-6.94411469
-5.26065246
-7.72191927
-1.89247141
-6.29444575
-2.77992064
-3.77212365
-1.93133960
-3.44966331
-7.17720940
-5.94800973
-6.94292948
-2.98794639
-6.52501690
-5.19335813
-5.27222739
-3.13380139
-3.81688970
-7.51218283
-3.90318513
-2.83014012
-4.91856180
-7.10443365
-1.89253632
-2.92675792
-4.38470845
-5.61527657
-7.38708635
-2.17211850
-3.21324551
-1.95194265
-6.64417574
-2.55671895
-5.25336761
-2.29653984
-5.60668587
-4.16577097
-5.37013681
-4.15086945
-5.12881232
-6.92053466
-6.02825881
-8.08866721
-4.76533799
-7.61558304
-5.09492328
-5.67554981
-8.45729563
-5.98630332
-5.32695738
-4.80669992
-5.76390674
-6.71100437
-4.04097922
-2.19100186
-2.23029831
-8.14965353
-4.66555473
-7.10110488
-2.47747172
-7.13365787
-7.99983451
-6.16494744
-5.99217046
-7.78880247
-5.08585304
-1.13221990
-5.33509494
-5.48376018
-2.10211748
-6.43635399
-3.61617668
-3.53275924
-4.92609532
-5.42527468
-2.54134507
-2.37145241
-5.45669476
-4.47419027
-7.15399506
-4.47632908
-7.84857187
-7.65975392
-5.34358121
-3.04462100
-2.66879386
-4.67526926
-5.96920877
-3.19940940
-5.68955599
-6.00959474
-2.94593087
-3.57388422
-6.47513479
-7.92870521
-1.31396799
-7.32811756
-7.00990895
-0.73462782
-1.24696307
-3.30120285
-4.68806027
-2.46033509
-7.28494502
-8.04928298
-5.76445294
-8.15308176
-7.87625906
-2.11513772
-8.33674647
-7.09218309
-1.48084442
-6.77614433
-1.63483369
-7.42411944
-3.22592254
-3.52209529
-4.35306384
-7.92290638
-5.45292898
-5.40407275
-2.88950568
-5.13842689
-5.45442718
-5.86408063
-6.98312061
-8.20439536
-5.51945519
-5.04883206
-5.65451706
-3.64486575
-6.35202169
-5.57392621
-3.32525361
-4.70973730
-5.75540235
-5.80462361
-7.74300054
-4.94379315
-4.96272587
-6.75511590
-6.02423142
-7.14395111
-4.44824516
-6.76991586
-2.57983629
-7.85865657
-4.11469082
-4.07030135
-3.84871553
-4.47931891
-5.97392643
-6.69066924
-6.28135546
-7.74551229
-6.19679793
-6.33039511
-4.34886276
-5.53288547
-3.43057555
-3.68283510
-4.49260949
-1.90067987
-6.27944492
-4.37768083
-4.67558675
-5.69778233
-3.31174037
-4.70020887
-6.96480389
-2.50681364
-5.16415997
-6.86380290
-4.22793040
-4.98675076
-4.06808290
-3.93389403
-5.23008531
