-6.077407849642213478e+00
-9.935393948271923348e-01
-5.353234159232909128e+00
-6.110129731688465959e+00
-2.432031403140006098e+00
-5.393117880716241430e+00
-5.729223212084085581e+00
-3.651867316050197765e+00
-1.892741722551448458e+00
-6.429717157086670909e+00
-5.799908329195036849e+00
-3.936292271441919066e+00
-5.053855902392148991e+00
-6.511063619881123365e+00
-3.512496024462554267e+00
-4.561076353504377678e+00
-5.125356051063853613e+00
-8.488210551960357009e+00
-2.222410730988588767e+00
-5.446827469699332624e+00
-2.648091162295477030e+00
-2.353002715783921950e+00
-3.070660219299683469e+00
-6.543422067266685183e+00
-8.574571898114756507e+00
-5.515743469532996102e+00
-3.978690312960151854e+00
-3.758295877042309385e+00
-3.803740600028915786e+00
-5.336751135034483617e+00
-3.629046507559685608e+00
-5.185519789016771242e+00
-4.312044352780151968e+00
-4.396875086205854544e+00
-1.844702812682514237e+00
-4.006459435811246195e+00
-2.622787400150262016e+00
-2.857850893754008137e+00
-4.509034024502362570e+00
-5.505204107781924705e+00
-7.011030989956493542e+00
-3.235710027683114109e+00
-6.764181354984191152e+00
-5.021686513168376997e+00
-7.251811315933344382e+00
-6.183820757254929745e+00
-3.437928687786674153e+00
-2.062503729567187083e+00
-4.979014098603122385e+00
-3.754655691393035788e+00
-2.327001386849199438e+00
-3.809457817035608151e+00
-6.195982371987604154e+00
-4.423360545290811352e+00
-4.146077277805879646e+00
-3.898140183733770581e+00
-3.129722130020834658e+00
-6.998540543809520287e+00
-2.380133255850512608e+00
-4.287640877675457318e+00
-1.827613194012611686e+00
-5.850701997835632717e+00
-5.338399981384113424e+00
-5.325374389032584865e+00
-2.732470606665813762e+00
-4.305462112185448831e+00
-3.542153933437121260e+00
-5.817371141681629609e+00
-2.551276709461276049e+00
-6.596031835426089174e+00
-5.379941733276944582e+00
-3.803409161223679558e+00
-6.604246080249367878e+00
-6.417368224587147729e+00
-7.487748613561715949e+00
-5.863680634283218396e+00
-3.510311408757357921e+00
-7.030380629957714511e+00
-6.376863615780797190e+00
-4.480824432965220261e+00
-5.366342990289288295e+00
-4.194773747538841135e+00
-4.974963913644460334e+00
-8.635943462919991376e+00
-2.932071890298098893e+00
-5.268481736643449764e+00
-5.645931731523007535e+00
-5.295803313302996251e+00
-3.493799465604697563e+00
-2.805539677954428157e+00
-4.860233952281949321e+00
-5.013959749234910390e+00
-4.087723584448418990e+00
-5.377710618631954986e+00
-8.136126399503460505e+00
-6.485547400956195752e+00
-1.846415935378634021e+00
-4.748827912141408980e+00
-7.939098871162486581e+00
-3.529970021554433846e+00
-5.863014540057573498e+00
-2.365648548583223043e+00
-5.506958266371321464e+00
-4.289773290656481386e+00
-5.442507552311894869e+00
-7.076427466653454346e+00
-5.056922287091471624e+00
-2.961366931486838272e+00
-2.898454323751408879e+00
-5.373786191076253438e+00
-2.549323453954268182e+00
-5.964956284195271685e+00
-6.955436493030533462e+00
-3.240444129806265394e+00
-4.787941303807521365e+00
-6.481936079494009739e+00
-4.959595482265130251e+00
-5.259324583891651805e+00
-2.375661348057257705e+00
-4.364939067328024613e+00
-2.711676619313695635e+00
-6.114478971671124974e+00
-6.155012295616248963e+00
-3.539885661459539090e+00
-9.702497820365914016e-01
-1.084293313551878857e+00
-5.360025878438854363e+00
-5.698861559678612743e+00
-2.965293471409057968e+00
-3.982580002443503187e+00
-6.412825986252570054e+00
-3.833505819043569574e+00
-5.282498189349905893e+00
-4.183394342075338557e+00
-5.881509141085463632e+00
-2.738155954026688210e+00
-4.681560833710739722e+00
-2.316341240900936516e+00
-6.153350771017299436e+00
-2.316900398853007470e+00
-7.782057327430395688e+00
-2.006690574348165779e+00
-5.268712794128822985e+00
-5.519168296564493481e+00
-1.847024746462403444e+00
-4.863079286107073074e+00
-3.454292090635188828e+00
-3.687556083216098735e+00
-7.158832788181884510e+00
-4.158084268136504669e+00
-5.564961880429845742e+00
-2.900923892733218601e+00
-2.983757063683141642e+00
-6.021646892646035809e+00
-3.210269361705996527e+00
-6.229833858006374570e+00
-5.905020333184486603e+00
-6.475352557665108755e+00
-5.688235578916851054e+00
-5.485600235487170906e+00
-6.911608037493666146e+00
-7.075917633708746379e+00
-3.674679291208113430e+00
-4.610104367858691710e+00
-6.773534850362726623e+00
-7.544621580071219746e+00
-7.714403249153309439e+00
-4.857438441803168416e+00
-7.196729582128154945e+00
-6.597525716356458680e+00
-1.102884774501356580e+00
-3.831461001685135592e+00
-3.495233803167713926e+00
-6.518386250861192721e+00
-5.888838400786775118e+00
-5.236266407643060283e+00
-7.877267604880412222e+00
-5.755781573568363285e+00
-4.916177067282552215e+00
-5.718656272348654923e+00
-4.247167762076943021e+00
-3.862466384769955408e+00
-6.430999257672480596e+00
-2.488123831620909776e+00
-3.736372481849558724e+00
-6.048757664285611568e+00
-5.616410748671776254e+00
-5.483310696849053478e+00
-5.841538464060281655e+00
-5.486886970084992043e+00
-2.451552183919762484e+00
-4.717715868020282421e+00
-6.794056511556330946e+00
-5.759968403501394718e+00
-5.642734218809344782e+00
-3.330435203320361470e+00
-5.358981744861493368e+00
-2.540749316020730841e+00
-6.911179768035690785e+00
-7.395470277632788525e-01
-2.881765855670630039e+00
-3.953909407501807749e+00
-1.504153171784863297e+00
-4.521924306259286652e+00
-3.821498528494063240e+00
-4.484394653045344015e+00
-7.725715917351895889e+00
-4.833441879271211050e+00
-5.935221201041140482e+00
-4.804669819870371228e+00
-5.078655534443367259e+00
-6.480904427491665842e+00
-2.347136535050369233e+00
-4.441948691296312646e+00
-4.653480206317355261e+00
-4.499312338592208249e+00
-7.022840913708575883e+00
-4.374180695307626543e+00
-7.603440992631965933e+00
-3.689156256180220694e+00
-5.806795452766618126e+00
-3.793441253435871019e+00
-2.911874664543542046e+00
-7.491614951383763987e+00
-3.752858090959060977e+00
-1.994607471707243507e+00
-4.141699620412390814e+00
-4.459850709805527558e+00
-4.754188558708247747e+00
-2.577173562687259167e+00
-5.644923491738285115e+00
-5.783276792618097240e+00
-3.103642317733858569e+00
-6.324306865857367121e+00
-5.745486560617564464e+00
-3.499800542359686961e+00
-5.203343416578293024e+00
-4.573159867627669684e+00
-7.062944647761581152e+00
-4.038927327521782296e+00
-6.038709087076991722e+00
-3.933713870578914307e+00
-1.825082289434858840e+00
-4.151800821141356401e+00
-3.775323778367329908e+00
-3.229026304885719068e+00
-4.452795636724002470e+00
-5.704775192924018690e+00
-3.553497707553356921e+00
-5.688897554919600807e+00
-2.769453762791330487e+00
-6.841995649688640491e+00
-3.422341694142881696e+00
-5.830224450425393279e+00
-2.421250419273854426e+00
-3.525882872042755078e+00
-4.996746788340693968e+00
-1.724745832823123548e+00
-7.389833050999912167e+00
-1.832569901771505583e+00
-4.238538098840044732e+00
-3.666344328106562411e+00
-3.600990302430483680e+00
-6.077549217907548318e+00
-4.908616361884309498e+00
-1.770211553121621151e+00
-5.607290032119522039e+00
-7.397618853451906062e+00
-4.034311888133118806e+00
-5.288281223336317005e+00
-5.658643027056729835e+00
-4.215335331548098807e+00
-4.895083750423336433e+00
-6.262383230578235427e+00
-4.263794630889101711e+00
-4.935808530974735042e+00
-6.957389392313360510e+00
-5.020708936281945256e+00
-5.960647102488634275e+00
-5.277685489072891478e+00
-4.937961157084940211e+00
-5.773375607077840144e+00
-7.259097586669314595e+00
-6.989770383781289453e+00
-5.180176265440406880e+00
-2.659613266754276673e+00
-5.981075426903272430e+00
-1.410942544746817351e+00
-2.813686850683548624e+00
-7.381805402881012945e+00
-2.720760857495790663e+00
-5.231987525687460838e+00
-4.406739367421679709e+00
-3.587636641906195134e+00
-4.126330483972978413e+00
-3.143488258405159552e+00
-5.552219608893715908e+00
-2.247934033989226865e+00
-6.346518164357370928e+00
-4.215294706493860843e+00
-6.880739829576841160e+00
-2.785478108593022917e+00
-3.425262854515894517e+00
-4.968216365120792233e+00
-4.810230920926638731e+00
-5.977784058178436055e+00
-6.218786455984201211e+00
-4.608262819864114235e+00
-5.906164343383114357e+00
-4.117537744341468020e+00
-6.934356172020319953e+00
-6.112345820790610951e+00
-7.744486163048640570e+00
-4.656772838256636682e+00
-7.427810990003403724e+00
-4.895165363546571946e+00
-7.067863547217520193e+00
-8.065477724990968156e+00
-5.350742138243143486e+00
-6.372037978724004681e+00
-6.305804042746509630e+00
-1.848346646593833187e+00
-6.944114691192771360e+00
-5.260652457507535296e+00
-7.721919267056343905e+00
-1.892471412388324170e+00
-6.294445748619367897e+00
-2.779920637256309668e+00
-3.772123653020852174e+00
-1.931339600952362012e+00
-3.449663314105840595e+00
-7.177209402584712628e+00
-5.948009728472428037e+00
-6.942929482242661265e+00
-2.987946388029103950e+00
-6.525016895378692894e+00
-5.193358134314920882e+00
-5.272227385600408489e+00
-3.133801387915688075e+00
-3.816889699715231288e+00
-7.512182826070167962e+00
-3.903185126118511761e+00
-2.830140121441872658e+00
-4.918561797688312254e+00
-7.104433648619579600e+00
-1.892536324969722239e+00
-2.926757924192749272e+00
-4.384708453722621080e+00
-5.615276568411164071e+00
-7.387086352247751009e+00
-2.172118503874458817e+00
-3.213245505742561292e+00
-1.951942645885679006e+00
-6.644175736737826021e+00
-2.556718946455937225e+00
-5.253367606986828697e+00
-2.296539842649005791e+00
-5.606685868704447628e+00
-4.165770972005266692e+00
-5.370136814453732477e+00
-4.150869451155087653e+00
-5.128812322010987579e+00
-6.920534661775084473e+00
-6.028258809844049715e+00
-8.088667211856385819e+00
-4.765337987815142284e+00
-7.615583039887759753e+00
-5.094923281588674691e+00
-5.675549812688164053e+00
-8.457295626528116728e+00
-5.986303315547268689e+00
-5.326957383739358676e+00
-4.806699924525298151e+00
-5.763906739010547398e+00
-6.711004368170150336e+00
-4.040979222384764036e+00
-2.191001861492780201e+00
-2.230298312158664142e+00
-8.149653525969505097e+00
-4.665554727651135991e+00
-7.101104882245861560e+00
-2.477471723191666975e+00
-7.133657868485589582e+00
-7.999834509303472174e+00
-6.164947440442756665e+00
-5.992170460888063488e+00
-7.788802474911556750e+00
-5.085853041009714914e+00
-1.132219899829866483e+00
-5.335094938776426154e+00
-5.483760183318564074e+00
-2.102117477549620972e+00
-6.436353990377201129e+00
-3.616176684861296842e+00
-3.532759244248537822e+00
-4.926095316278841452e+00
-5.425274678911415016e+00
-2.541345068447807609e+00
-2.371452414674978026e+00
-5.456694757780113036e+00
-4.474190265659705901e+00
-7.153995060636297865e+00
-4.476329082010257920e+00
-7.848571871530245048e+00
-7.659753917011553170e+00
-5.343581209132427290e+00
-3.044620999300848396e+00
-2.668793862028209674e+00
-4.675269264266647795e+00
-5.969208765537888262e+00
-3.199409401732739688e+00
-5.689555991757854869e+00
-6.009594736816287863e+00
-2.945930873677051309e+00
-3.573884223343301247e+00
-6.475134794611153488e+00
-7.928705213887230485e+00
-1.313967991088169862e+00
-7.328117555783562054e+00
-7.009908947816656521e+00
-7.346278223637272564e-01
-1.246963068436022892e+00
-3.301202851736198873e+00
-4.688060267833178862e+00
-2.460335089981966927e+00
-7.284945015220774422e+00
-8.049282984063443891e+00
-5.764452938774377699e+00
-8.153081758589944883e+00
-7.876259056999857400e+00
-2.115137716476882090e+00
-8.336746470675581833e+00
-7.092183086715698082e+00
-1.480844420220720936e+00
-6.776144327400788647e+00
-1.634833690811186235e+00
-7.424119435028979197e+00
-3.225922540432848873e+00
-3.522095289957154485e+00
-4.353063841841014359e+00
-7.922906376198869616e+00
-5.452928980127426328e+00
-5.404072746516344061e+00
-2.889505679772518931e+00
-5.138426888940654358e+00
-5.454427181030008676e+00
-5.864080631726704240e+00
-6.983120605999001640e+00
-8.204395358334789279e+00
-5.519455190443323112e+00
-5.048832060725356286e+00
-5.654517055415394289e+00
-3.644865754718298323e+00
-6.352021690832918566e+00
-5.573926212148625936e+00
-3.325253609714053926e+00
-4.709737303759620630e+00
-5.755402345749685011e+00
-5.804623612617521466e+00
-7.743000539973452057e+00
-4.943793145627598307e+00
-4.962725870493589042e+00
-6.755115904620961231e+00
-6.024231423005775632e+00
-7.143951114797063795e+00
-4.448245161792740987e+00
-6.769915857463471909e+00
-2.579836292126775454e+00
-7.858656569368256406e+00
-4.114690815735100315e+00
-4.070301354960003337e+00
-3.848715531845460003e+00
-4.479318912589886459e+00
-5.973926429986543774e+00
-6.690669238496678162e+00
-6.281355456661466441e+00
-7.745512285063113289e+00
-6.196797930253669762e+00
-6.330395106599785215e+00
-4.348862763013290333e+00
-5.532885471859924742e+00
-3.430575546058859615e+00
-3.682835099488817932e+00
-4.492609488274493579e+00
-1.900679872978397356e+00
-6.279444915949051520e+00
-4.377680825488970306e+00
-4.675586751268849817e+00
-5.697782331487810659e+00
-3.311740365087116000e+00
-4.700208872468804699e+00
-6.964803886904064711e+00
-2.506813635068419810e+00
-5.164159968888482943e+00
-6.863802903199125893e+00
-4.227930402636913776e+00
-4.986750764525906376e+00
-4.068082899541406228e+00
-3.933894034285509100e+00
-5.230085309664832316e+00
