8.5458
3.6628
9.3165
9.9438
3.7146
4.0911
3.7687
8.1658
2.3881
5.9781
4.2531
4.5188
5.2035
6.2887
1.4931
6.0782
10.7567
1.1929
2.7334
3.4010
11.4284
5.3771
7.9883
8.7731
9.3008
9.0976
3.4790
0.8253
8.0891
3.0250
7.0182
11.0337
5.3956
5.6702
2.6107
6.2924
5.2800
6.8656
0.9666
7.5048
5.6801
10.4843
5.0365
0.1073
3.8577
1.0208
7.6288
9.5934
6.7521
3.5059
8.1365
7.1824
7.9627
10.4810
10.8014
10.5101
5.6982
2.4598
1.3713
9.6139
2.3364
3.4568
5.5297
2.5346
8.7103
12.0716
9.8150
3.2368
5.2806
9.4909
10.4071
5.8794
2.9652
9.6931
6.9384
10.1376
9.1359
0.5643
3.1224
1.9509
6.3051
0.7041
5.3849
4.2412
4.1428
3.5018
7.7542
6.5595
2.2314
5.0573
6.7569
5.6374
8.2482
4.0331
1.1834
9.0408
1.2946
5.8366
1.9799
7.6172
