0.2227 0.8474 0.3864
0.6280 0.2851 0.6879
0.9767 0.6473 0.4837
0.6879 0.8946 0.2129
0.5636 0.3112 0.6555
0.3144 0.3966 0.3186
0.0095 0.3679 0.8970
0.0914 0.8077 0.8646
0.4679 0.2063 0.1776
0.4599 0.5615 0.7130
0.5846 0.3578 0.7573
0.9542 0.1886 0.2643
0.9622 0.2446 0.8504
0.0797 0.6280 0.0723
0.2701 0.1350 0.8395
0.0805 0.6026 0.5060
0.9269 0.8279 0.8863
0.5106 0.0735 0.5855
0.1393 0.2693 0.3231
0.7857 0.1941 0.0494
0.8848 0.9327 0.2335
0.2072 0.5323 0.2738
0.6525 0.7098 0.5684
0.5068 0.8330 0.5257
0.8683 0.7322 0.1482
0.1439 0.9063 0.2564
0.9811 0.0642 0.0393
0.5975 0.0170 0.1541
0.2113 0.7973 0.8784
0.4429 0.2723 0.4136
0.0156 0.6959 0.5921
0.8012 0.9457 0.3382
0.6182 0.4604 0.8285
0.7957 0.4095 0.6386
0.0434 0.2517 0.9345
0.4735 0.5924 0.4991
0.1671 0.5219 0.4697
0.3583 0.6684 0.4362
0.2660 0.0850 0.6015
0.1927 0.7477 0.0638
0.3284 0.5539 0.3480
0.8292 0.8706 0.6789
0.1283 0.5030 0.0020
0.2573 0.0051 0.0519
0.1165 0.3795 0.5799
0.5337 0.0554 0.1072
0.6439 0.6735 0.9292
0.0240 0.9557 0.3638
0.6902 0.5710 0.5573
0.1848 0.3470 0.1696
0.9938 0.5151 0.4100
0.0648 0.7173 0.0861
0.8362 0.6128 0.8059
0.8404 0.8680 0.2031
0.6651 0.9864 0.5474
0.7466 0.9166 0.9564
0.3991 0.5483 0.2447
0.4307 0.2121 0.9911
0.6701 0.0377 0.9161
0.7014 0.8569 0.0973
0.7248 0.1115 0.7916
0.0570 0.3359 0.9728
0.8982 0.3274 0.8175
0.7377 0.1277 0.5323
0.5444 0.8184 0.4225
0.9130 0.9714 0.7441
0.5272 0.9281 0.9443
0.3873 0.3032 0.3055
0.6077 0.4562 0.4536
0.8130 0.7841 0.3779
0.9478 0.7788 0.6485
0.2387 0.5836 0.0260
0.5706 0.2329 0.7884
0.2498 0.9618 0.2830
0.9003 0.4748 0.0123
0.3044 0.9968 0.8499
0.8518 0.7230 0.5182
0.4238 0.0274 0.6190
0.2806 0.2960 0.9613
0.4922 0.1520 0.7320
0.7556 0.4934 0.7687
0.4057 0.0433 0.7077
0.5557 0.4831 0.3906
0.1534 0.4186 0.4440
0.9399 0.1616 0.3588
0.8732 0.1485 0.1943
0.1021 0.7673 0.7798
0.3302 0.6361 0.9052
0.0344 0.2209 0.2224
0.6316 0.4235 0.6647
0.3662 0.6580 0.2957
0.7198 0.4456 0.6259
0.7693 0.6864 0.1831
0.3752 0.3862 0.1266
0.2943 0.1093 0.1388
0.4134 0.8817 0.1187
0.4842 0.0907 0.4707
0.7793 0.4344 0.7280
0.3463 0.1786 0.6927
0.1702 0.7504 0.9839
