9.3165
1.0208
1.3713
8.7731
9.9438
0.9666
5.6374
3.2368
0.5643
6.8656
0.8253
2.9652
8.0891
2.2314
9.3008
9.0976
3.0250
7.6288
2.7334
8.2482
8.1365
2.3364
6.5595
7.7542
9.5934
8.7103
6.2924
3.5059
1.9799
1.9509
5.8366
6.7569
11.4284
7.0182
1.2946
5.2806
5.8794
6.7521
3.1224
9.0408
3.7687
4.0911
9.6931
6.2887
0.1073
7.5048
3.4568
3.6628
5.9781
12.0716
10.8014
5.3849
5.3771
10.5101
4.2412
9.1359
4.0331
5.0365
7.9627
6.0782
5.6801
3.8577
9.4909
8.1658
2.5346
10.4843
5.2035
3.5018
1.1834
3.7146
6.3051
6.9384
3.4010
3.4790
4.2531
8.5458
10.1376
5.3956
11.0337
2.6107
10.4810
5.0573
1.4931
5.6982
5.6702
2.3881
10.7567
7.1824
5.2800
4.5188
9.8150
7.9883
10.4071
0.7041
1.1929
2.4598
7.6172
4.1428
5.5297
9.6139
