3.61170000
1.98580000
3.42960000
3.93690000
1.77260000
3.24020000
1.30810000
2.23000000
3.19120000
1.49110000
2.56580000
2.28280000
2.19860000
3.72310000
4.17680000
5.61710000
5.24930000
3.22200000
3.33060000
3.49410000
2.84450000
3.08100000
3.88660000
2.99890000
2.42150000
5.82330000
3.48300000
2.39900000
3.76650000
4.99220000
1.49250000
2.57630000
5.24230000
3.54330000
1.61730000
2.92280000
3.79920000
3.45800000
3.09550000
2.52590000
3.52250000
3.65560000
1.67560000
4.38830000
2.94940000
3.54630000
3.61670000
1.57520000
1.64980000
3.11390000
3.62320000
1.87150000
1.21800000
5.65450000
1.63110000
4.22820000
2.53180000
2.66470000
2.23070000
4.59940000
4.93780000
3.92130000
2.54100000
3.39480000
1.42370000
3.48030000
6.32720000
3.14270000
3.90340000
5.10050000
2.98380000
1.45430000
1.53390000
5.93140000
3.00610000
4.20650000
2.99700000
4.00810000
5.14470000
3.59590000
2.98390000
1.69360000
3.90200000
2.46480000
1.67320000
4.27370000
3.06650000
1.89060000
3.01190000
4.61150000
4.30700000
1.81020000
2.40830000
2.92730000
4.13810000
3.78100000
2.71410000
2.40420000
3.51880000
2.61710000
