2.25680000
3.10890000
2.29420000
3.61640000
2.23250000
4.34620000
4.93930000
1.57610000
2.53560000
3.57420000
3.61900000
5.41950000
3.24350000
2.62890000
3.16250000
2.61900000
1.65140000
2.26150000
3.52170000
3.37560000
2.83430000
4.36570000
3.54700000
4.46440000
4.36580000
2.33470000
3.80020000
4.28950000
2.47620000
3.09600000
2.40470000
2.18540000
3.52840000
4.78100000
2.54550000
2.51440000
2.61090000
3.00220000
5.48050000
4.45360000
4.50720000
3.98520000
3.44480000
3.11400000
3.46080000
3.79650000
2.95500000
3.77630000
1.53930000
1.85960000
4.32850000
1.65820000
5.63600000
4.79070000
3.90000000
2.50540000
1.17880000
1.51540000
3.14360000
2.69760000
3.40260000
1.87870000
2.16910000
2.51030000
2.62720000
3.88700000
2.94390000
3.01270000
2.11700000
2.42970000
3.58490000
4.66770000
4.31700000
3.44480000
2.01690000
4.17450000
2.21550000
4.63290000
2.46290000
2.63330000
1.58880000
2.84810000
1.81680000
3.01680000
2.98070000
2.96740000
3.10120000
4.66410000
2.49420000
5.29710000
2.79680000
2.30950000
4.95070000
2.92120000
2.24970000
4.80280000
3.18860000
4.18850000
5.08110000
2.20810000
