0.30670000 0.92180000 0.63930000
0.86600000 0.29460000 0.69740000
0.10530000 0.44850000 0.64110000
0.91100000 0.26250000 0.91650000
0.07780000 0.32980000 0.16200000
0.62650000 0.93140000 0.40340000
0.95700000 0.74190000 0.49710000
0.44380000 0.04020000 0.83180000
0.45570000 0.89850000 0.12670000
0.93210000 0.85380000 0.02260000
0.79120000 0.55480000 0.21770000
0.66420000 0.12630000 0.43890000
0.42740000 0.62470000 0.35140000
0.74220000 0.33540000 0.86230000
0.51000000 0.71840000 0.18350000
0.57510000 0.25530000 0.90610000
0.31970000 0.06900000 0.06670000
0.24480000 0.88700000 0.15550000
0.05470000 0.39430000 0.98860000
0.96580000 0.97430000 0.71360000
0.87590000 0.40790000 0.84470000
0.98040000 0.96150000 0.94270000
0.06690000 0.27240000 0.39370000
0.83580000 0.31420000 0.32920000
0.51310000 0.18280000 0.48290000
0.27800000 0.19750000 0.60860000
0.88320000 0.78580000 0.25140000
0.84190000 0.36100000 0.57090000
0.40820000 0.99100000 0.14750000
0.71140000 0.53560000 0.79840000
0.13820000 0.57660000 0.92700000
0.00450000 0.77110000 0.74940000
0.61810000 0.48270000 0.05580000
0.72220000 0.43660000 0.51120000
0.38100000 0.56440000 0.28340000
0.23440000 0.35060000 0.22020000
0.39800000 0.68860000 0.95760000
0.92960000 0.41460000 0.72740000
0.59740000 0.70250000 0.38960000
0.99210000 0.63620000 0.97280000
0.64180000 0.03460000 0.09340000
0.37050000 0.94620000 0.44680000
0.49740000 0.34920000 0.31110000
0.16750000 0.11160000 0.33810000
0.56150000 0.60180000 0.88450000
0.55330000 0.59920000 0.13130000
0.53250000 0.21010000 0.62490000
0.12780000 0.87320000 0.46900000
0.36060000 0.22120000 0.73850000
0.47590000 0.84110000 0.82430000
0.08920000 0.10310000 0.47230000
0.19380000 0.15330000 0.89410000
0.70010000 0.02710000 0.50570000
0.82080000 0.14210000 0.41700000
0.81620000 0.95580000 0.24960000
0.21950000 0.13160000 0.27570000
0.26120000 0.79350000 0.80110000
0.17450000 0.08100000 0.70200000
0.34240000 0.73260000 0.99130000
0.52190000 0.42220000 0.04580000
0.03620000 0.66480000 0.65470000
0.32150000 0.45380000 0.03590000
0.43250000 0.76300000 0.01200000
0.33550000 0.90670000 0.19250000
0.77210000 0.80490000 0.81390000
0.68100000 0.24780000 0.29930000
0.48570000 0.07550000 0.61590000
0.28540000 0.82310000 0.55350000
0.04440000 0.91110000 0.10770000
0.35060000 0.09790000 0.58670000
0.89680000 0.86380000 0.11280000
0.75630000 0.83730000 0.52050000
0.85870000 0.61440000 0.53350000
0.01670000 0.01290000 0.67330000
0.54850000 0.98690000 0.77020000
0.80180000 0.05430000 0.56040000
0.60440000 0.37340000 0.75800000
0.65100000 0.67770000 0.93360000
0.73970000 0.30890000 0.78870000
0.20490000 0.65620000 0.30670000
0.25980000 0.23560000 0.87100000
0.90740000 0.72550000 0.68060000
0.46650000 0.20860000 0.76100000
0.11030000 0.75480000 0.59060000
0.15430000 0.69590000 0.96510000
0.29740000 0.52230000 0.36380000
0.18050000 0.54340000 0.34960000
0.63110000 0.17500000 0.37100000
0.41850000 0.46570000 0.20300000
0.67110000 0.49510000 0.42120000
0.02180000 0.16770000 0.17280000
0.09340000 0.81250000 0.07970000
0.78560000 0.38700000 0.45250000
0.76210000 0.58890000 0.86000000
0.22150000 0.50530000 0.23210000
0.69610000 0.00690000 0.26560000
0.94330000 0.47300000 0.66900000
0.58900000 0.64880000 0.00660000
0.97140000 0.28170000 0.54400000
0.14210000 0.51170000 0.08680000
