3.25550000
0.81040000
2.94710000
3.29790000
1.36540000
0.75780000
0.99210000
1.14770000
0.54230000
2.16230000
1.42400000
1.08770000
0.68890000
0.95000000
0.57280000
1.78930000
0.35550000
1.31540000
0.91090000
2.30600000
0.80050000
1.17300000
2.86250000
0.92080000
3.17870000
1.30690000
0.90160000
1.22090000
3.35950000
1.08090000
0.97990000
1.09940000
1.90610000
1.06410000
1.29020000
3.28920000
2.65640000
1.38520000
1.78870000
2.73480000
1.07750000
3.74980000
2.13720000
3.36950000
0.78640000
3.42850000
2.75390000
2.48240000
2.95020000
1.79010000
2.95450000
3.91730000
4.00940000
0.47870000
0.40800000
1.91500000
0.90360000
3.21300000
2.44750000
1.27850000
