0.87490000 0.55680000
0.10970000 0.43270000
0.77630000 0.66410000
0.90180000 0.49850000
0.57770000 0.17260000
0.23300000 0.27860000
0.53320000 0.93940000
0.38280000 0.47160000
0.12860000 0.85930000
0.48590000 0.63370000
0.07330000 0.11840000
0.66770000 0.96390000
0.13770000 0.19730000
0.23820000 0.41430000
0.15490000 0.34800000
0.53850000 0.51480000
0.01570000 0.96700000
0.19940000 0.69280000
0.28740000 0.43380000
0.73770000 0.14120000
0.20290000 0.21160000
0.30320000 0.07470000
0.72460000 0.70240000
0.45590000 0.36580000
0.85590000 0.10210000
0.33620000 0.87140000
0.60140000 0.26310000
0.36550000 0.29070000
0.92460000 0.68240000
0.41190000 0.24960000
0.26780000 0.88470000
0.25850000 0.76960000
0.47700000 0.01330000
0.39160000 0.91030000
0.41710000 0.58990000
0.69160000 0.02880000
0.82740000 0.79350000
0.04040000 0.75910000
0.70090000 0.83560000
0.84430000 0.38430000
0.44240000 0.99810000
0.96600000 0.62760000
0.58790000 0.52570000
0.66010000 0.60510000
0.02290000 0.81100000
0.94720000 0.45490000
0.55710000 0.57690000
0.80800000 0.32270000
0.89470000 0.16220000
0.50310000 0.54640000
0.78820000 0.04310000
0.97100000 0.37620000
0.98540000 0.09470000
0.06580000 0.22870000
0.09890000 0.31370000
0.76470000 0.92560000
0.16980000 0.82720000
0.63410000 0.05320000
0.63260000 0.72400000
0.32970000 0.74720000
